time,冰水入口溫度,冰水出口溫度,冷卻水入口溫度,冷卻水出口溫度,右機LEV開度Step,右機低壓,右機吐出溫度,右機電流,右機高壓,右耗電,右飽和冷凝溫度,右飽和蒸發溫度,壓縮機頻率,左機LEV開度Step,左機低壓,左機吐出溫度,左機電流,左機高壓,左耗電,左飽和冷凝溫度,左飽和蒸發溫度,設溫
1589731365,11.5,11.3,26.8,28.1,,4.01,59.8,0,5.19,0,,,0,,3.68,56.3,0,5.29,0,,,8
1589731365,11.5,11.3,26.8,28.1,,4.01,59.8,0,5.19,0,,,0,,3.68,56.3,0,5.29,0,,,8
1589731545,12.3,12.1,26.4,26.9,,4.24,55.3,0,4.64,0,,,0,,3.84,52.6,0,4.99,0,,,8
1589731546,12.3,12.1,26.4,26.9,,4.24,55.3,0,4.64,0,,,0,,3.84,52.6,0,4.99,0,,,8
1589731726,12.9,12.7,25.9,26.2,,4.32,52.1,0,4.49,0,,,0,,3.96,49.6,0,5.01,0,,,8
1589731726,12.9,12.7,25.9,26.2,,4.32,52.1,0,4.49,0,,,0,,3.96,49.6,0,5.01,0,,,8
1589731906,13.3,13,25.6,26,,4.27,49.7,0,4.32,0,,,0,,4.03,47.7,0,4.6,0,,,8
1589731907,13.3,13,25.6,26,,4.27,49.7,0,4.32,0,,,0,,4.03,47.7,0,4.6,0,,,8
1589732091,13.7,13.4,26,26,,4.32,47.7,0,4.38,0,,,0,,4.04,45.6,0,4.18,0,,,8
1589732092,13.7,13.4,26,26,,4.32,47.7,0,4.38,0,,,0,,4.04,45.6,0,4.18,0,,,8
1589732329,14,13.7,26.8,26.9,,4.37,45.6,0,4.4,0,,,0,,4.06,43.7,0,4.14,0,,,8
1589732329,14,13.7,26.8,26.9,,4.37,45.6,0,4.4,0,,,0,,4.06,43.7,0,4.14,0,,,8
1589732509,14.2,13.9,27.3,27.4,,4.39,44.2,0,4.44,0,,,0,,4.08,42.4,0,4.15,0,,,8
1589732509,14.2,13.9,27.3,27.4,,4.39,44.2,0,4.44,0,,,0,,4.08,42.4,0,4.15,0,,,8
1589732689,14.4,14,27.8,27.8,,4.43,43,0,4.49,0,,,0,,4.13,41.3,0,4.19,0,,,8
1589732690,14.4,14,27.8,27.8,,4.43,43,0,4.49,0,,,0,,4.13,41.3,0,4.19,0,,,8
1589732870,14.6,14.2,27.9,28,,4.43,42.1,0,4.49,0,,,0,,4.15,40.5,0,4.23,0,,,8
1589732870,14.6,14.2,27.9,28,,4.43,42.1,0,4.49,0,,,0,,4.15,40.5,0,4.23,0,,,8
1589733050,14.8,14.4,27.9,28.1,,4.47,41.1,0,4.52,0,,,0,,4.17,39.6,0,4.24,0,,,8
1589733050,14.8,14.4,27.9,28.1,,4.47,41.1,0,4.52,0,,,0,,4.17,39.6,0,4.24,0,,,8
1589733231,14.9,14.5,26.7,27.3,,4.49,40.3,0,4.57,0,,,0,,4.19,39.1,0,4.28,0,,,8
1589733231,14.9,14.5,26.7,27.3,,4.49,40.3,0,4.57,0,,,0,,4.19,39.1,0,4.28,0,,,8
1589733411,15,14.6,26.3,26.7,,4.52,39.6,0,4.55,0,,,0,,4.22,38.5,0,4.29,0,,,8
1589733411,15,14.6,26.3,26.7,,4.52,39.6,0,4.55,0,,,0,,4.22,38.5,0,4.29,0,,,8
1589733774,15.2,14.8,25.7,26.1,,4.53,38.4,0,4.59,0,,,0,,4.23,37.4,0,4.3,0,,,8
1589733775,15.2,14.8,25.7,26.1,,4.53,38.4,0,4.59,0,,,0,,4.23,37.4,0,4.3,0,,,8
1589733955,15.2,14.8,25.9,26.1,,4.54,37.8,0,4.59,0,,,0,,4.24,36.9,0,4.32,0,,,8
1589733955,15.2,14.8,25.9,26.1,,4.54,37.8,0,4.59,0,,,0,,4.24,36.9,0,4.32,0,,,8
1589734135,15.3,14.9,26.8,26.8,,4.55,37.3,0,4.58,0,,,0,,4.25,36.4,0,4.34,0,,,8
1589734136,15.3,14.9,26.8,26.8,,4.55,37.3,0,4.58,0,,,0,,4.25,36.4,0,4.34,0,,,8
1589734317,15.4,15,27.2,27.2,,4.55,36.9,0,4.62,0,,,0,,4.25,36.1,0,4.34,0,,,8
1589734499,15.4,15,27.6,27.6,,4.57,36.4,0,4.63,0,,,0,,4.28,35.7,0,4.33,0,,,8
1589734679,15.5,15.1,27.9,28,,4.57,36,0,4.62,0,,,0,,4.28,35.3,0,4.33,0,,,8
1589734679,15.5,15.1,27.9,28,,4.57,36,0,4.62,0,,,0,,4.28,35.3,0,4.33,0,,,8
1589734859,15.5,15.1,27.9,28.1,,4.58,35.6,0,4.63,0,,,0,,4.28,35,0,4.35,0,,,8
1589734859,15.5,15.1,27.9,28.1,,4.58,35.6,0,4.63,0,,,0,,4.28,35,0,4.35,0,,,8
1589735046,15.6,15.2,26.6,27.2,,4.59,35.2,0,4.63,0,,,0,,4.28,34.7,0,4.33,0,,,8
1589735046,15.6,15.2,26.6,27.2,,4.59,35.2,0,4.63,0,,,0,,4.28,34.7,0,4.33,0,,,8
1589735222,15.6,15.2,26.2,26.7,,4.58,34.9,0,4.63,0,,,0,,4.28,34.5,0,4.33,0,,,8
1589735223,15.6,15.2,26.2,26.7,,4.58,34.9,0,4.63,0,,,0,,4.28,34.5,0,4.33,0,,,8
1589735403,15.7,15.2,25.9,26.3,,4.57,34.7,0,4.6,0,,,0,,4.29,34.3,0,4.35,0,,,8
1589735403,15.7,15.2,25.9,26.3,,4.57,34.7,0,4.6,0,,,0,,4.29,34.3,0,4.35,0,,,8
1589735583,15.7,15.3,25.6,26,,4.57,34.4,0,4.63,0,,,0,,4.29,34.1,0,4.33,0,,,8
1589735584,15.7,15.3,25.6,26,,4.57,34.4,0,4.63,0,,,0,,4.29,34.1,0,4.33,0,,,8
1589735763,15.7,15.3,26.2,26.2,,4.57,34.2,0,4.59,0,,,0,,4.28,33.9,0,4.34,0,,,8
1589735764,15.7,15.3,26.2,26.2,,4.57,34.2,0,4.59,0,,,0,,4.28,33.9,0,4.34,0,,,8
1589735992,15.7,15.3,27,27.1,,4.55,33.9,0,4.63,0,,,0,,4.28,33.6,0,4.35,0,,,8
1589735993,15.7,15.3,27,27.1,,4.55,33.9,0,4.63,0,,,0,,4.28,33.6,0,4.35,0,,,8
1589736173,15.7,15.3,27.5,27.5,,4.54,33.7,0,4.62,0,,,0,,4.28,33.5,0,4.34,0,,,8
1589736173,15.7,15.3,27.5,27.5,,4.54,33.7,0,4.62,0,,,0,,4.28,33.5,0,4.34,0,,,8
1589736354,15.7,15.3,27.9,27.9,,4.54,33.5,0,4.6,0,,,0,,4.28,33.3,0,4.37,0,,,8
1589736354,15.7,15.3,27.9,27.9,,4.54,33.5,0,4.6,0,,,0,,4.28,33.3,0,4.37,0,,,8
1589736534,15.8,15.3,28,28.1,,4.55,33.3,0,4.6,0,,,0,,4.29,33.2,0,4.35,0,,,8
1589736535,15.8,15.3,28,28.1,,4.55,33.3,0,4.6,0,,,0,,4.29,33.2,0,4.35,0,,,8
1589736716,15.8,15.4,26.9,27.4,,4.55,33.2,0,4.59,0,,,0,,4.29,33,0,4.37,0,,,8
1589736716,15.8,15.4,26.9,27.4,,4.55,33.2,0,4.59,0,,,0,,4.29,33,0,4.37,0,,,8
1589736896,15.8,15.4,26.4,26.9,,4.55,33,0,4.63,0,,,0,,4.29,32.9,0,4.35,0,,,8
1589736897,15.8,15.4,26.4,26.9,,4.55,33,0,4.63,0,,,0,,4.29,32.9,0,4.35,0,,,8
1589737078,15.8,15.4,26.1,26.5,,4.57,32.9,0,4.63,0,,,0,,4.3,32.7,0,4.38,0,,,8
1589737078,15.8,15.4,26.1,26.5,,4.57,32.9,0,4.63,0,,,0,,4.3,32.7,0,4.38,0,,,8
1589737258,15.8,15.4,25.8,26.2,,4.55,32.7,0,4.6,0,,,0,,4.3,32.6,0,4.37,0,,,8
1589737258,15.8,15.4,25.8,26.2,,4.55,32.7,0,4.6,0,,,0,,4.3,32.6,0,4.37,0,,,8
1589737438,15.8,15.4,25.8,26.1,,4.57,32.5,0,4.59,0,,,0,,4.3,32.5,0,4.35,0,,,8
1589737439,15.8,15.4,25.8,26.1,,4.57,32.5,0,4.59,0,,,0,,4.3,32.5,0,4.35,0,,,8
1589737619,15.8,15.4,26.7,26.7,,4.55,32.4,0,4.6,0,,,0,,4.3,32.4,0,4.37,0,,,8
1589737619,15.8,15.4,26.7,26.7,,4.55,32.4,0,4.6,0,,,0,,4.3,32.4,0,4.37,0,,,8
1589737799,15.8,15.4,27.3,27.3,,4.55,32.3,0,4.63,0,,,0,,4.29,32.2,0,4.37,0,,,8
1589737800,15.8,15.4,27.3,27.3,,4.55,32.3,0,4.63,0,,,0,,4.29,32.2,0,4.37,0,,,8
1589737979,15.8,15.4,27.6,27.6,,4.57,32.2,0,4.62,0,,,0,,4.3,32.2,0,4.38,0,,,8
1589737980,15.8,15.4,27.6,27.6,,4.57,32.2,0,4.62,0,,,0,,4.3,32.2,0,4.38,0,,,8
1589738160,15.9,15.5,28,28,,4.55,32.1,0,4.6,0,,,0,,4.29,32,0,4.38,0,,,8
1589738160,15.9,15.5,28,28,,4.55,32.1,0,4.6,0,,,0,,4.29,32,0,4.38,0,,,8
1589738340,15.9,15.5,27.4,27.9,,4.57,32,0,4.63,0,,,0,,4.3,31.9,0,4.35,0,,,8
1589738521,15.9,15.5,26.8,27.2,,4.55,31.8,0,4.63,0,,,0,,4.3,31.8,0,4.37,0,,,8
1589738521,15.9,15.5,26.8,27.2,,4.55,31.8,0,4.63,0,,,0,,4.3,31.8,0,4.37,0,,,8
1589738701,16,15.6,26.3,26.7,,4.57,31.7,0,4.62,0,,,0,,4.3,31.8,0,4.37,0,,,8
1589738702,16,15.6,26.3,26.7,,4.57,31.7,0,4.62,0,,,0,,4.3,31.8,0,4.37,0,,,8
1589738882,16,15.6,26,26.4,,4.57,31.7,0,4.62,0,,,0,,4.32,31.7,0,4.38,0,,,8
1589738882,16,15.6,26,26.4,,4.57,31.7,0,4.62,0,,,0,,4.32,31.7,0,4.38,0,,,8
1589739070,15.9,15.5,25.9,26.2,,4.57,31.6,0,4.6,0,,,0,,4.32,31.6,0,4.37,0,,,8
1589739070,15.9,15.5,25.9,26.2,,4.57,31.6,0,4.6,0,,,0,,4.32,31.6,0,4.37,0,,,8
1589739245,16,15.5,25.8,26.1,,4.55,31.5,0,4.62,0,,,0,,4.3,31.5,0,4.38,0,,,8
1589739429,16,15.6,26,26.1,,4.57,31.4,0,4.6,0,,,0,,4.3,31.4,0,4.38,0,,,8
1589739429,16,15.6,26,26.1,,4.57,31.4,0,4.6,0,,,0,,4.3,31.4,0,4.38,0,,,8
1589741017,16.1,15.7,26,26.3,,4.58,30.9,0,4.6,0,,,0,,4.33,31,0,4.39,0,,,8
1589741018,16.1,15.7,26,26.3,,4.58,30.9,0,4.6,0,,,0,,4.33,31,0,4.39,0,,,8
1589741198,16.1,15.7,25.9,26.2,,4.57,30.9,0,4.64,0,,,0,,4.33,31,0,4.4,0,,,8
1589741198,16.1,15.7,25.9,26.2,,4.57,30.9,0,4.64,0,,,0,,4.33,31,0,4.4,0,,,8
1589741378,16.2,15.7,25.8,26.1,,4.57,30.8,0,4.63,0,,,0,,4.33,30.9,0,4.39,0,,,8
1589741378,16.2,15.7,25.8,26.1,,4.57,30.8,0,4.63,0,,,0,,4.33,30.9,0,4.39,0,,,8
1589741558,16.2,15.7,25.8,26.1,,4.58,30.8,0,4.63,0,,,0,,4.34,30.9,0,4.4,0,,,8
1589741559,16.2,15.7,25.8,26.1,,4.58,30.8,0,4.63,0,,,0,,4.34,30.9,0,4.4,0,,,8
1589741739,16.2,15.7,26.4,26.4,,4.58,30.8,0,4.63,0,,,0,,4.34,30.9,0,4.4,0,,,8
1589741739,16.2,15.7,26.4,26.4,,4.58,30.8,0,4.63,0,,,0,,4.34,30.9,0,4.4,0,,,8
1589741919,16.2,15.7,27.2,27.2,,4.58,30.7,0,4.64,0,,,0,,4.34,30.8,0,4.39,0,,,8
1589741920,16.2,15.7,27.2,27.2,,4.58,30.7,0,4.64,0,,,0,,4.34,30.8,0,4.39,0,,,8
1589742099,16.1,15.7,27.7,27.7,,4.59,30.7,0,4.64,0,,,0,,4.34,30.8,0,4.4,0,,,8
1589742100,16.1,15.7,27.7,27.7,,4.59,30.7,0,4.64,0,,,0,,4.34,30.8,0,4.4,0,,,8
1589742280,16.2,15.7,28.1,28,,4.57,30.6,0,4.63,0,,,0,,4.33,30.8,0,4.42,0,,,8
1589742280,16.2,15.7,28.1,28,,4.57,30.6,0,4.63,0,,,0,,4.33,30.8,0,4.42,0,,,8
1589742460,16.2,15.8,27.4,28,,4.58,30.6,0,4.63,0,,,0,,4.34,30.7,0,4.4,0,,,8
1589742461,16.2,15.8,27.4,28,,4.58,30.6,0,4.63,0,,,0,,4.34,30.7,0,4.4,0,,,8
1589742641,16.2,15.7,27,27.3,,4.58,30.6,0,4.62,0,,,0,,4.34,30.7,0,4.4,0,,,8
1589742642,16.2,15.7,27,27.3,,4.58,30.6,0,4.62,0,,,0,,4.34,30.7,0,4.4,0,,,8
1589742822,16.2,15.8,26.5,26.9,,4.58,30.6,0,4.62,0,,,0,,4.35,30.7,0,4.42,0,,,8
1589742822,16.2,15.8,26.5,26.9,,4.58,30.6,0,4.62,0,,,0,,4.35,30.7,0,4.42,0,,,8
1589743003,16.2,15.8,26.2,26.6,,4.58,30.5,0,4.62,0,,,0,,4.35,30.7,0,4.42,0,,,8
1589743004,16.2,15.8,26.2,26.6,,4.58,30.5,0,4.62,0,,,0,,4.35,30.7,0,4.42,0,,,8
1589743183,16.2,15.8,26,26.4,,4.57,30.5,0,4.64,0,,,0,,4.34,30.7,0,4.42,0,,,8
1589743184,16.2,15.8,26,26.4,,4.57,30.5,0,4.64,0,,,0,,4.34,30.7,0,4.42,0,,,8
1589743363,16.2,15.7,25.9,26.3,,4.58,30.5,0,4.63,0,,,0,,4.34,30.6,0,4.4,0,,,8
1589743364,16.2,15.7,25.9,26.3,,4.58,30.5,0,4.63,0,,,0,,4.34,30.6,0,4.4,0,,,8
1589743544,16.2,15.7,25.9,26.2,,4.58,30.5,0,4.62,0,,,0,,4.34,30.6,0,4.4,0,,,8
1589743544,16.2,15.7,25.9,26.2,,4.58,30.5,0,4.62,0,,,0,,4.34,30.6,0,4.4,0,,,8
1589743724,16.2,15.7,25.7,26.1,,4.58,30.4,0,4.64,0,,,0,,4.34,30.6,0,4.4,0,,,8
1589743725,16.2,15.7,25.7,26.1,,4.58,30.4,0,4.64,0,,,0,,4.34,30.6,0,4.4,0,,,8
1589743910,16.2,15.7,25.9,26.1,,4.58,30.4,0,4.62,0,,,0,,4.34,30.6,0,4.4,0,,,8
1589743910,16.2,15.7,25.9,26.1,,4.58,30.4,0,4.62,0,,,0,,4.34,30.6,0,4.4,0,,,8
1589744088,16.2,15.8,26.6,26.6,,4.58,30.4,0,4.62,0,,,0,,4.34,30.6,0,4.4,0,,,8
1589744089,16.2,15.8,26.6,26.6,,4.58,30.4,0,4.62,0,,,0,,4.34,30.6,0,4.4,0,,,8
1589744268,16.2,15.8,27.3,27.3,,4.58,30.4,0,4.63,0,,,0,,4.34,30.5,0,4.42,0,,,8
1589744268,16.2,15.8,27.3,27.3,,4.58,30.4,0,4.63,0,,,0,,4.34,30.5,0,4.42,0,,,8
1589744448,16.2,15.8,27.8,27.8,,4.58,30.4,0,4.65,0,,,0,,4.34,30.5,0,4.4,0,,,8
1589744449,16.2,15.8,27.8,27.8,,4.58,30.4,0,4.65,0,,,0,,4.34,30.5,0,4.4,0,,,8
1589744678,16.2,15.7,28,28.2,,4.58,30.3,0,4.62,0,,,0,,4.33,30.5,0,4.42,0,,,8
1589744678,16.2,15.7,28,28.2,,4.58,30.3,0,4.62,0,,,0,,4.33,30.5,0,4.42,0,,,8
1589744858,16.2,15.7,26.9,27.4,,4.57,30.3,0,4.63,0,,,0,,4.34,30.5,0,4.42,0,,,8
1589744858,16.2,15.7,26.9,27.4,,4.57,30.3,0,4.63,0,,,0,,4.34,30.5,0,4.42,0,,,8
1589745222,16.2,15.7,26.2,26.6,,4.58,30.3,0,4.6,0,,,0,,4.34,30.4,0,4.39,0,,,8
1589745222,16.2,15.7,26.2,26.6,,4.58,30.3,0,4.6,0,,,0,,4.34,30.4,0,4.39,0,,,8
1589745402,16.1,15.7,25.9,26.4,,4.57,30.2,0,4.62,0,,,0,,4.34,30.4,0,4.39,0,,,8
1589745402,16.1,15.7,25.9,26.4,,4.57,30.2,0,4.62,0,,,0,,4.34,30.4,0,4.39,0,,,8
1589745583,16.1,15.7,25.8,26.2,,4.57,30.2,0,4.59,0,,,0,,4.33,30.4,0,4.39,0,,,8
1589745584,16.1,15.7,25.8,26.2,,4.57,30.2,0,4.59,0,,,0,,4.33,30.4,0,4.39,0,,,8
1589745764,16.1,15.7,25.7,26.1,,4.57,30.2,0,4.63,0,,,0,,4.34,30.4,0,4.39,0,,,8
1589745764,16.1,15.7,25.7,26.1,,4.57,30.2,0,4.63,0,,,0,,4.34,30.4,0,4.39,0,,,8
1589745944,16.1,15.7,25.9,26.1,,4.57,30.2,0,4.63,0,,,0,,4.34,30.4,0,4.42,0,,,8
1589745945,16.1,15.7,25.9,26.1,,4.57,30.2,0,4.63,0,,,0,,4.34,30.4,0,4.42,0,,,8
1589746125,16.1,15.6,26.9,26.9,,4.55,30.2,0,4.62,0,,,0,,4.33,30.3,0,4.39,0,,,8
1589746125,16.1,15.6,26.9,26.9,,4.55,30.2,0,4.62,0,,,0,,4.33,30.3,0,4.39,0,,,8
1589746846,16.1,15.7,27.4,27.9,,4.57,30.1,0,4.63,0,,,0,,4.34,30.3,0,4.4,0,,,8
1589746846,16.1,15.7,27.4,27.9,,4.57,30.1,0,4.63,0,,,0,,4.34,30.3,0,4.4,0,,,8
1589747028,16.2,15.7,26.7,27.2,,4.57,30.1,0,4.62,0,,,0,,4.34,30.3,0,4.4,0,,,8
1589747028,16.2,15.7,26.7,27.2,,4.57,30.1,0,4.62,0,,,0,,4.34,30.3,0,4.4,0,,,8
1589747207,16.2,15.7,26.4,26.7,,4.55,30.1,0,4.6,0,,,0,,4.33,30.3,0,4.39,0,,,8
1589747208,16.2,15.7,26.4,26.7,,4.55,30.1,0,4.6,0,,,0,,4.33,30.3,0,4.39,0,,,8
1589747388,16.2,15.7,26.1,26.5,,4.57,30.1,0,4.62,0,,,0,,4.34,30.3,0,4.39,0,,,8
1589747388,16.2,15.7,26.1,26.5,,4.57,30.1,0,4.62,0,,,0,,4.34,30.3,0,4.39,0,,,8
1589747572,16.1,15.7,25.9,26.3,,4.55,30.1,0,4.6,0,,,0,,4.33,30.3,0,4.4,0,,,8
1589747573,16.1,15.7,25.9,26.3,,4.55,30.1,0,4.6,0,,,0,,4.33,30.3,0,4.4,0,,,8
1589747751,16.1,15.7,25.8,26.2,,4.55,30,0,4.59,0,,,0,,4.33,30.2,0,4.38,0,,,8
1589747752,16.1,15.7,25.8,26.2,,4.55,30,0,4.59,0,,,0,,4.33,30.2,0,4.38,0,,,8
1589747931,16.1,15.7,25.8,26.1,,4.55,30,0,4.6,0,,,0,,4.33,30.2,0,4.4,0,,,8
1589747932,16.1,15.7,25.8,26.1,,4.55,30,0,4.6,0,,,0,,4.33,30.2,0,4.4,0,,,8
1589748118,16.1,15.7,26,26.1,,4.57,30,0,4.6,0,,,0,,4.33,30.2,0,4.4,0,,,8
1589748118,16.1,15.7,26,26.1,,4.57,30,0,4.6,0,,,0,,4.33,30.2,0,4.4,0,,,8
1589748344,16.1,15.6,27,27,,4.55,30,0,4.62,0,,,0,,4.32,30.2,0,4.39,0,,,8
1589748344,16.1,15.6,27,27,,4.55,30,0,4.62,0,,,0,,4.32,30.2,0,4.39,0,,,8
1589748527,16.1,15.6,27.5,27.6,,4.55,30,0,4.59,0,,,0,,4.32,30.2,0,4.39,0,,,8
1589748528,16.1,15.6,27.5,27.6,,4.55,30,0,4.59,0,,,0,,4.32,30.2,0,4.39,0,,,8
1589748705,16,15.6,27.9,27.9,,4.54,30,0,4.59,0,,,0,,4.32,30.2,0,4.39,0,,,8
1589748706,16,15.6,27.9,27.9,,4.54,30,0,4.59,0,,,0,,4.32,30.2,0,4.39,0,,,8
1589748886,16,15.6,27.8,28.1,,4.55,30,0,4.59,0,,,0,,4.32,30.2,0,4.38,0,,,8
1589748886,16,15.6,27.8,28.1,,4.55,30,0,4.59,0,,,0,,4.32,30.2,0,4.38,0,,,8
1589749066,16.1,15.6,26.8,27.3,,4.55,30,0,4.62,0,,,0,,4.32,30.1,0,4.38,0,,,8
1589749067,16.1,15.6,26.8,27.3,,4.55,30,0,4.62,0,,,0,,4.32,30.1,0,4.38,0,,,8
1589749246,16.1,15,26.4,27.1,,3.64,40.6,47.4,8.13,14.2,,,0,,4.29,30.1,0,4.34,0,,,8
1589749247,16.1,15,26.4,27.1,,3.64,40.6,47.4,8.13,14.2,,,0,,4.29,30.1,0,4.34,0,,,8
1589749427,15.6,13.8,26.1,29.3,,3.2,57.8,74.2,10.28,23,,,0,,4.17,30.1,0,4.24,0,,,8
1589749428,15.6,13.8,26.1,29.3,,3.2,57.8,74.2,10.28,23,,,0,,4.17,30.1,0,4.24,0,,,8
1589749608,14.9,12.3,26.2,30.8,,3.18,60.1,73.2,9.5,24.8,,,0,,3.38,46.4,49.4,8.3,13.7,,,8
1589749609,14.9,12.3,26.2,30.8,,3.18,60.1,73.2,9.5,24.8,,,0,,3.38,46.4,49.4,8.3,13.7,,,8
1589749789,14.1,11.3,26.5,34.6,,3.31,62.3,73.7,10.11,24.8,,,0,,3.11,59.2,70.1,10.16,19.9,,,8
1589749789,14.1,11.3,26.5,34.6,,3.31,62.3,73.7,10.11,24.8,,,0,,3.11,59.2,70.1,10.16,19.9,,,8
1589749969,13.4,10.6,26.7,35.4,,3.22,61.7,73.1,9.95,26.6,,,0,,3.2,61.8,71.4,9.97,22,,,8
1589749970,13.4,10.6,26.7,35.4,,3.22,61.7,73.1,9.95,26.6,,,0,,3.2,61.8,71.4,9.97,22,,,8
1589750149,12.9,9.9,27.1,36.1,,2.87,61.3,74.7,8.31,25.3,,,0,,2.77,60.2,78.3,8.08,26.9,,,8
1589750150,12.9,9.9,27.1,36.1,,2.87,61.3,74.7,8.31,25.3,,,0,,2.77,60.2,78.3,8.08,26.9,,,8
1589750330,12.4,9.9,27.3,36,,3.03,61.9,77.7,10.05,26.5,,,0,,3.03,61.3,71.6,9.75,23.4,,,8
1589750331,12.4,9.9,27.3,36,,3.03,61.9,77.7,10.05,26.5,,,0,,3.03,61.3,71.6,9.75,23.4,,,8
1589750510,12.1,9.2,27.2,35.4,,2.97,61.4,79.9,10.1,25.3,,,0,,2.96,60.5,74.9,9.91,26,,,8
1589750511,12.1,9.2,27.2,35.4,,2.97,61.4,79.9,10.1,25.3,,,0,,2.96,60.5,74.9,9.91,26,,,8
1589750694,11.8,9.3,27.4,36,,2.86,61.7,69,7.99,21.7,,,0,,2.83,60.7,64.1,7.59,19.6,,,8
1589750695,11.8,9.3,27.4,36,,2.86,61.7,69,7.99,21.7,,,0,,2.83,60.7,64.1,7.59,19.6,,,8
1589750872,11.7,9.1,27.3,35.2,,3,61.4,77.5,10.24,24.1,,,0,,2.95,60.6,76.4,10.34,23,,,8
1589750873,11.7,9.1,27.3,35.2,,3,61.4,77.5,10.24,24.1,,,0,,2.95,60.6,76.4,10.34,23,,,8
1589751234,11.4,9,27.3,35.3,,2.96,61.5,75.7,10,22.3,,,0,,2.96,60.2,70.7,9.72,20.7,,,8
1589751235,11.4,9,27.3,35.3,,2.96,61.5,75.7,10,22.3,,,0,,2.96,60.2,70.7,9.72,20.7,,,8
1589751415,11.3,8.7,27.1,34.3,,2.9,60,74.7,9.52,23,,,0,,2.91,58.6,69.1,9.25,21.8,,,8
1589751415,11.3,8.7,27.1,34.3,,2.9,60,74.7,9.52,23,,,0,,2.91,58.6,69.1,9.25,21.8,,,8
1589751595,11.2,8.8,27.4,35.6,,2.76,61.6,70.1,8.1,23,,,0,,2.78,59.9,63.5,7.53,21.6,,,8
1589751596,11.2,8.8,27.4,35.6,,2.76,61.6,70.1,8.1,23,,,0,,2.78,59.9,63.5,7.53,21.6,,,8
1589751776,11.2,8.5,27.1,34.6,,2.87,60.3,82.8,10.33,25.7,,,0,,2.91,58.3,72.3,9.85,21.6,,,8
1589751776,11.2,8.5,27.1,34.6,,2.87,60.3,82.8,10.33,25.7,,,0,,2.91,58.3,72.3,9.85,21.6,,,8
1589752012,11.2,8.5,27.1,34.5,,2.87,59.6,70.9,9.17,22,,,0,,2.85,57.8,70.2,9.1,21.4,,,8
1589752013,11.2,8.5,27.1,34.5,,2.87,59.6,70.9,9.17,22,,,0,,2.85,57.8,70.2,9.1,21.4,,,8
1589752192,11.1,8.8,27.2,34.9,,2.86,61,66.6,8.19,20,,,0,,2.82,59.5,65.2,7.87,19.4,,,8
1589752193,11.1,8.8,27.2,34.9,,2.86,61,66.6,8.19,20,,,0,,2.82,59.5,65.2,7.87,19.4,,,8
1589752373,11.1,8.7,27,34.4,,2.9,60.5,73,9.56,23.1,,,0,,2.86,59.2,72.1,9.46,22.8,,,8
1589752373,11.1,8.7,27,34.4,,2.9,60.5,73,9.56,23.1,,,0,,2.86,59.2,72.1,9.46,22.8,,,8
1589752553,11,8.6,27.2,35.4,,2.81,61.2,67.3,8.07,20.4,,,0,,2.76,59.7,65.8,7.75,19.8,,,8
1589752553,11,8.6,27.2,35.4,,2.81,61.2,67.3,8.07,20.4,,,0,,2.76,59.7,65.8,7.75,19.8,,,8
1589752733,11,8.5,27.1,34.6,,2.91,60.7,76.7,10.12,23.3,,,0,,2.85,59.6,76.6,10.29,23,,,8
1589752734,11,8.5,27.1,34.6,,2.91,60.7,76.7,10.12,23.3,,,0,,2.85,59.6,76.6,10.29,23,,,8
1589752914,10.9,8.2,27.1,34.7,,2.8,60.3,75,9.55,21.3,,,0,,2.76,58.6,73.8,9.55,20.1,,,8
1589752914,10.9,8.2,27.1,34.7,,2.8,60.3,75,9.55,21.3,,,0,,2.76,58.6,73.8,9.55,20.1,,,8
1589753094,10.8,8.3,27.2,35,,2.85,61.7,79.5,10.47,24.3,,,0,,2.82,60.2,76.1,10.52,21.2,,,8
1589753095,10.8,8.3,27.2,35,,2.85,61.7,79.5,10.47,24.3,,,0,,2.82,60.2,76.1,10.52,21.2,,,8
1589753275,10.8,8.2,27.3,35.1,,2.71,61.3,74.5,8.9,24.3,,,0,,2.75,59.5,64.8,8.33,20.5,,,8
1589753456,10.8,8.6,27.2,35.2,,2.93,62.2,70.4,9.51,21.5,,,0,,2.88,60.8,69,9.52,20.8,,,8
1589753456,10.8,8.6,27.2,35.2,,2.93,62.2,70.4,9.51,21.5,,,0,,2.88,60.8,69,9.52,20.8,,,8
1589753638,10.9,8.5,27.4,35.1,,2.78,61.3,64.4,7.94,20.7,,,0,,2.72,60.4,62.3,7.67,19.7,,,8
1589753638,10.9,8.5,27.4,35.1,,2.78,61.3,64.4,7.94,20.7,,,0,,2.72,60.4,62.3,7.67,19.7,,,8
1589753818,10.9,8.6,27.1,34.5,,2.9,61.6,71.7,9.83,21.1,,,0,,2.83,61.2,69.9,9.86,20.9,,,8
1589753818,10.9,8.6,27.1,34.5,,2.9,61.6,71.7,9.83,21.1,,,0,,2.83,61.2,69.9,9.86,20.9,,,8
1589753999,10.9,8.4,27.3,34.9,,2.76,61.3,67,8.33,21.5,,,0,,2.71,60.6,64.5,8.05,20.3,,,8
1589753999,10.9,8.4,27.3,34.9,,2.76,61.3,67,8.33,21.5,,,0,,2.71,60.6,64.5,8.05,20.3,,,8
1589754180,10.9,8.6,27.2,34.7,,2.91,61.8,74.1,10.15,22.4,,,0,,2.85,61.7,72.1,10.24,21.4,,,8
1589754180,10.9,8.6,27.2,34.7,,2.91,61.8,74.1,10.15,22.4,,,0,,2.85,61.7,72.1,10.24,21.4,,,8
1589754360,10.9,8.4,27.2,34.6,,2.83,61,70.4,9.1,20,,,0,,2.78,60.4,68.2,9.07,18.9,,,8
1589754361,10.9,8.4,27.2,34.6,,2.83,61,70.4,9.1,20,,,0,,2.78,60.4,68.2,9.07,18.9,,,8
1589754541,10.9,8.5,27.2,34.6,,2.83,61.8,71.3,9.32,22.9,,,0,,2.8,61.6,68.4,9.19,21.7,,,8
1589754541,10.9,8.5,27.2,34.6,,2.83,61.8,71.3,9.32,22.9,,,0,,2.8,61.6,68.4,9.19,21.7,,,8
1589754721,10.9,8.2,27.3,34.9,,2.8,61.6,72.9,9.5,22.4,,,0,,2.77,60.4,69.1,9.26,20.8,,,8
1589754722,10.9,8.2,27.3,34.9,,2.8,61.6,72.9,9.5,22.4,,,0,,2.77,60.4,69.1,9.26,20.8,,,8
1589754901,10.8,8.4,27.2,35.3,,2.82,63.1,75,10,23.6,,,0,,2.78,62.3,70.8,9.85,22.2,,,8
1589754902,10.8,8.4,27.2,35.3,,2.82,63.1,75,10,23.6,,,0,,2.78,62.3,70.8,9.85,22.2,,,8
1589755082,10.8,8.3,27.3,35.9,,2.7,63.2,68,8.08,21.9,,,0,,2.66,62,63.3,7.62,20,,,8
1589755082,10.8,8.3,27.3,35.9,,2.7,63.2,68,8.08,21.9,,,0,,2.66,62,63.3,7.62,20,,,8
1589755262,10.8,8.5,27.2,34.7,,2.87,63.1,68.9,9.57,21.4,,,0,,2.78,61.9,70.6,9.72,22.6,,,8
1589755263,10.8,8.5,27.2,34.7,,2.87,63.1,68.9,9.57,21.4,,,0,,2.78,61.9,70.6,9.72,22.6,,,8
1589755443,10.8,8.6,27.4,35.5,,2.86,63.6,66.6,8.68,19.3,,,0,,2.76,62.4,67.3,8.53,19.5,,,8
1589755443,10.8,8.6,27.4,35.5,,2.86,63.6,66.6,8.68,19.3,,,0,,2.76,62.4,67.3,8.53,19.5,,,8
1589755681,10.9,8.6,27.4,35.7,,2.77,63.7,63.8,7.93,19.5,,,0,,2.67,62.4,64.5,7.68,19.5,,,8
1589755681,10.9,8.6,27.4,35.7,,2.77,63.7,63.8,7.93,19.5,,,0,,2.67,62.4,64.5,7.68,19.5,,,8
1589755872,10.9,8.4,27.2,34.5,,2.87,62.3,71.1,9.77,22,,,0,,2.8,60.4,73.9,10.03,22.8,,,8
1589755872,10.9,8.4,27.2,34.5,,2.87,62.3,71.1,9.77,22,,,0,,2.8,60.4,73.9,10.03,22.8,,,8
1589756050,10.9,8.7,27.4,35.6,,2.9,63.6,71.8,9.96,19.7,,,0,,2.88,62.3,68.5,9.83,19,,,8
1589756050,10.9,8.7,27.4,35.6,,2.9,63.6,71.8,9.96,19.7,,,0,,2.88,62.3,68.5,9.83,19,,,8
1589756231,11,8.6,27.1,34.2,,2.88,62.5,70.1,9.37,21.9,,,0,,2.87,60.9,67.2,9.24,21.1,,,8
1589756231,11,8.6,27.1,34.2,,2.88,62.5,70.1,9.37,21.9,,,0,,2.87,60.9,67.2,9.24,21.1,,,8
1589756410,11,8.7,27.4,34.9,,2.91,63.2,72.6,10.02,20.4,,,0,,2.85,62.3,69.1,9.97,19.9,,,8
1589756592,11,8.6,27.3,34.4,,2.87,62.3,72.5,9.95,22,,,0,,2.83,61.5,69,9.91,20.5,,,8
1589756592,11,8.6,27.3,34.4,,2.87,62.3,72.5,9.95,22,,,0,,2.83,61.5,69,9.91,20.5,,,8
1589756952,11,8.5,27.3,34.3,,2.87,62.3,73.2,9.95,22.2,,,0,,2.81,62.4,69.4,9.91,20.8,,,8
1589756952,11,8.5,27.3,34.3,,2.87,62.3,73.2,9.95,22.2,,,0,,2.81,62.4,69.4,9.91,20.8,,,8
1589757132,10.9,9.2,27.4,34.9,,3.46,63.6,0,6.76,0,,,0,,2.76,62.1,63,7.79,20.5,,,8
1589757133,10.9,9.2,27.4,34.9,,3.46,63.6,0,6.76,0,,,0,,2.76,62.1,63,7.79,20.5,,,8
1589757323,11.2,9.5,27.1,33.3,,4.04,58.5,0,4.5,0,,,0,,2.8,61.9,82.5,9.63,23.6,,,8
1589757495,11.4,9,27,33.1,,3.96,54.7,0,3.99,0,,,0,,2.57,58.8,95.7,9.09,31,,,8
1589757495,11.4,9,27,33.1,,3.96,54.7,0,3.99,0,,,0,,2.57,58.8,95.7,9.09,31,,,8
1589757676,11.5,9.3,26.9,33.4,,3.01,53.4,44.2,7.24,13.6,,,0,,2.77,59.9,85.2,9.44,28.1,,,8
1589757864,11.4,8.5,26.9,34.1,,2.73,63.9,78.9,10.15,21.8,,,0,,2.85,58,76.3,9.61,20.8,,,8
1589757864,11.4,8.5,26.9,34.1,,2.73,63.9,78.9,10.15,21.8,,,0,,2.85,58,76.3,9.61,20.8,,,8
1589758046,11.2,8.8,27,34.8,,2.9,65.6,72.4,10.26,21.9,,,0,,2.87,59.8,80.3,10.38,22.3,,,8
1589758047,11.2,8.8,27,34.8,,2.9,65.6,72.4,10.26,21.9,,,0,,2.87,59.8,80.3,10.38,22.3,,,8
1589758225,11.2,8.5,27.1,34.7,,2.85,64.7,70.4,9.46,22.3,,,0,,2.86,57.8,71.2,9.12,22.6,,,8
1589758225,11.2,8.5,27.1,34.7,,2.85,64.7,70.4,9.46,22.3,,,0,,2.86,57.8,71.2,9.12,22.6,,,8
1589758403,11.1,8.7,27.2,35.1,,2.86,65.8,74.6,10.29,21.7,,,0,,2.9,59.5,74.4,9.92,22.3,,,8
1589758403,11.1,8.7,27.2,35.1,,2.86,65.8,74.6,10.29,21.7,,,0,,2.9,59.5,74.4,9.92,22.3,,,8
1589758587,11.1,8.6,27.4,35.7,,2.78,65.6,64.2,8.05,20.3,,,0,,2.75,59,65.3,7.64,20.9,,,8
1589758587,11.1,8.6,27.4,35.7,,2.78,65.6,64.2,8.05,20.3,,,0,,2.75,59,65.3,7.64,20.9,,,8
1589758765,11.1,8.7,27.3,34.8,,2.87,65.6,70.8,9.65,21.9,,,0,,2.87,59.3,73.4,9.5,22.9,,,8
1589758765,11.1,8.7,27.3,34.8,,2.87,65.6,70.8,9.65,21.9,,,0,,2.87,59.3,73.4,9.5,22.9,,,8
1589758948,11,8.5,27.3,34.5,,2.86,64.8,72.6,10.15,20.8,,,0,,2.86,58.4,75.5,10,22.1,,,8
1589758948,11,8.5,27.3,34.5,,2.86,64.8,72.6,10.15,20.8,,,0,,2.86,58.4,75.5,10,22.1,,,8
1589759126,11,8.6,27.3,35.5,,2.83,66,71,9.53,22.6,,,0,,2.85,60,72.4,9.21,23.1,,,8
1589759126,11,8.6,27.3,35.5,,2.83,66,71,9.53,22.6,,,0,,2.85,60,72.4,9.21,23.1,,,8
1589759350,11,8.7,27.3,34.9,,2.9,65.5,69.5,9.93,20.5,,,0,,2.85,59.9,76.5,10.07,22.4,,,8
1589759350,11,8.7,27.3,34.9,,2.9,65.5,69.5,9.93,20.5,,,0,,2.85,59.9,76.5,10.07,22.4,,,8
1589759530,11,8.5,27.4,35.3,,2.85,65,68.4,9.31,19.6,,,0,,2.83,58.9,68.8,9.02,21,,,8
1589759531,11,8.5,27.4,35.3,,2.85,65,68.4,9.31,19.6,,,0,,2.83,58.9,68.8,9.02,21,,,8
1589759712,11.1,8.8,27.3,34.3,,2.9,64.9,68.8,9.35,21.8,,,0,,2.9,59.1,69.1,9.1,22,,,8
1589759712,11.1,8.8,27.3,34.3,,2.9,64.9,68.8,9.35,21.8,,,0,,2.9,59.1,69.1,9.1,22,,,8
1589759892,11.1,8.8,27.5,35.4,,2.78,65.5,64.4,8.05,20.3,,,0,,2.77,59.8,63.4,7.55,19.8,,,8
1589759892,11.1,8.8,27.5,35.4,,2.78,65.5,64.4,8.05,20.3,,,0,,2.77,59.8,63.4,7.55,19.8,,,8
1589760073,11.2,8.8,27.3,34.6,,2.87,65.4,69.5,9.5,21.9,,,0,,2.88,59.8,68.9,9.15,21.8,,,8
1589760074,11.2,8.8,27.3,34.6,,2.87,65.4,69.5,9.5,21.9,,,0,,2.88,59.8,68.9,9.15,21.8,,,8
1589760254,11.1,8.6,27.4,34.8,,2.77,64.9,66.8,8.6,21.6,,,0,,2.77,59,65.4,8.13,21.2,,,8
1589760254,11.1,8.6,27.4,34.8,,2.77,64.9,66.8,8.6,21.6,,,0,,2.77,59,65.4,8.13,21.2,,,8
1589760435,11.1,8.8,27.4,34.9,,2.86,65.5,71.9,9.95,21.5,,,0,,2.88,60.1,70.6,9.56,21.8,,,8
1589760435,11.1,8.8,27.4,34.9,,2.86,65.5,71.9,9.95,21.5,,,0,,2.88,60.1,70.6,9.56,21.8,,,8
1589760616,11.1,8.6,27.3,34.5,,2.85,64.7,71.5,9.85,21.9,,,0,,2.87,59.5,70.8,9.61,21.3,,,8
1589760616,11.1,8.6,27.3,34.5,,2.85,64.7,71.5,9.85,21.9,,,0,,2.87,59.5,70.8,9.61,21.3,,,8
1589760796,11.1,8.9,27.4,34.9,,2.93,65.3,65.4,9.36,20.7,,,0,,2.87,60.8,69.6,9.37,22.6,,,8
1589760796,11.1,8.9,27.4,34.9,,2.93,65.3,65.4,9.36,20.7,,,0,,2.87,60.8,69.6,9.37,22.6,,,8
1589760977,11.2,8.8,27.4,34.4,,2.91,64.5,66,9.34,19.9,,,0,,2.83,59.4,71.1,9.49,22.4,,,8
1589760977,11.2,8.8,27.4,34.4,,2.91,64.5,66,9.34,19.9,,,0,,2.83,59.4,71.1,9.49,22.4,,,8
1589761157,11.3,9,27.4,34.6,,2.95,65.1,67.3,9.86,20.3,,,0,,2.88,60.8,72.6,10.05,21.6,,,8
1589761157,11.3,9,27.4,34.6,,2.95,65.1,67.3,9.86,20.3,,,0,,2.88,60.8,72.6,10.05,21.6,,,8
1589761337,11.3,8.8,27.4,34.3,,2.95,64.6,67.5,9.77,20.8,,,0,,2.85,59.7,73.5,10.15,22.3,,,8
1589761337,11.3,8.8,27.4,34.3,,2.95,64.6,67.5,9.77,20.8,,,0,,2.85,59.7,73.5,10.15,22.3,,,8
1589761518,11.3,9.1,27.5,35.1,,2.92,65.5,65.3,8.96,20.3,,,0,,2.87,61.6,66.2,8.7,20.4,,,8
1589761518,11.3,9.1,27.5,35.1,,2.92,65.5,65.3,8.96,20.3,,,0,,2.87,61.6,66.2,8.7,20.4,,,8
1589761698,11.3,8.6,27.4,34.2,,2.86,64.3,75.3,10.13,23.6,,,0,,2.8,59.9,78.8,10.23,24.7,,,8
1589761698,11.3,8.6,27.4,34.2,,2.86,64.3,75.3,10.13,23.6,,,0,,2.8,59.9,78.8,10.23,24.7,,,8
1589761879,11.3,9,27.6,35.6,,2.92,65.5,72.2,10.08,19.8,,,0,,2.9,62,69.6,9.87,19.4,,,8
1589761879,11.3,9,27.6,35.6,,2.92,65.5,72.2,10.08,19.8,,,0,,2.9,62,69.6,9.87,19.4,,,8
1589762059,11.3,8.9,27.5,34.6,,2.91,64.1,73.8,10.15,21.6,,,0,,2.9,61,70.4,9.96,20.3,,,8
1589762060,11.3,8.9,27.5,34.6,,2.91,64.1,73.8,10.15,21.6,,,0,,2.9,61,70.4,9.96,20.3,,,8
1589762240,11.3,9,27.6,35.5,,2.9,64.9,71.3,9.47,22.6,,,0,,2.88,62.3,67.9,9.12,21.4,,,8
1589762240,11.3,9,27.6,35.5,,2.9,64.9,71.3,9.47,22.6,,,0,,2.88,62.3,67.9,9.12,21.4,,,8
1589762430,11.3,8.9,27.5,34.6,,2.95,63.7,69.6,9.68,20.6,,,0,,2.9,60.9,70,9.8,21,,,8
1589762431,11.3,8.9,27.5,34.6,,2.95,63.7,69.6,9.68,20.6,,,0,,2.9,60.9,70,9.8,21,,,8
1589762603,11.4,9.1,27.7,35.6,,2.9,64.6,64.9,8.08,20.8,,,0,,2.81,62.5,64.3,7.78,21.6,,,8
1589762604,11.4,9.1,27.7,35.6,,2.9,64.6,64.9,8.08,20.8,,,0,,2.81,62.5,64.3,7.78,21.6,,,8
1589762792,11.4,8.8,27.6,35.1,,2.9,63.2,72,9.41,22.9,,,0,,2.86,60.5,71.5,9.35,23.1,,,8
1589762793,11.4,8.8,27.6,35.1,,2.9,63.2,72,9.41,22.9,,,0,,2.86,60.5,71.5,9.35,23.1,,,8
1589763016,11.4,8.9,27.6,35.7,,2.83,63.1,68.7,8.56,22.6,,,0,,2.82,61,64.9,8.15,21.1,,,8
1589763017,11.4,8.9,27.6,35.7,,2.83,63.1,68.7,8.56,22.6,,,0,,2.82,61,64.9,8.15,21.1,,,8
1589763197,11.4,9,27.7,35.3,,2.95,63.5,77.8,10.42,23.9,,,0,,2.95,61.6,72.7,10.16,21.6,,,8
1589763197,11.4,9,27.7,35.3,,2.95,63.5,77.8,10.42,23.9,,,0,,2.95,61.6,72.7,10.16,21.6,,,8
1589763378,11.4,8.9,27.6,34.9,,2.9,62.5,75.2,9.62,23.5,,,0,,2.88,60.4,70.2,9.45,21.3,,,8
1589763378,11.4,8.9,27.6,34.9,,2.9,62.5,75.2,9.62,23.5,,,0,,2.88,60.4,70.2,9.45,21.3,,,8
1589763559,11.5,9.1,27.8,35.4,,2.97,63,71.6,9.57,21.8,,,0,,2.9,62.1,71.6,9.63,22.7,,,8
1589763559,11.5,9.1,27.8,35.4,,2.97,63,71.6,9.57,21.8,,,0,,2.9,62.1,71.6,9.63,22.7,,,8
1589763740,11.5,9,27.8,35.2,,2.91,61.7,70.9,9.27,21.7,,,0,,2.92,60.4,67.1,9.06,21,,,8
1589763740,11.5,9,27.8,35.2,,2.91,61.7,70.9,9.27,21.7,,,0,,2.92,60.4,67.1,9.06,21,,,8
1589763920,11.6,9.2,27.8,35.8,,3,63.3,70.4,9.45,23.9,,,0,,2.92,62.1,70,9.37,22.3,,,8
1589763921,11.6,9.2,27.8,35.8,,3,63.3,70.4,9.45,23.9,,,0,,2.92,62.1,70,9.37,22.3,,,8
1589764101,11.6,8.7,27.8,35.3,,2.85,61.7,79.4,9.9,25.1,,,0,,2.82,59.7,78,9.72,24.5,,,8
1589764101,11.6,8.7,27.8,35.3,,2.85,61.7,79.4,9.9,25.1,,,0,,2.82,59.7,78,9.72,24.5,,,8
1589764281,11.5,9.1,27.8,36,,2.98,62.9,76.6,10.22,23.4,,,0,,2.95,61.4,76.4,10.26,22.8,,,8
1589764281,11.5,9.1,27.8,36,,2.98,62.9,76.6,10.22,23.4,,,0,,2.95,61.4,76.4,10.26,22.8,,,8
1589764462,11.5,8.8,27.9,36.1,,2.8,62.3,69.9,8.45,22.7,,,0,,2.76,60.3,69,8.14,22.4,,,8
1589764462,11.5,8.8,27.9,36.1,,2.8,62.3,69.9,8.45,22.7,,,0,,2.76,60.3,69,8.14,22.4,,,8
1589764642,11.6,9.2,27.8,35.6,,3,62.7,72.1,9.65,22.6,,,0,,2.95,60.9,73.1,9.68,23.3,,,8
1589764642,11.6,9.2,27.8,35.6,,3,62.7,72.1,9.65,22.6,,,0,,2.95,60.9,73.1,9.68,23.3,,,8
1589764827,11.6,9,27.9,35.8,,2.88,61.9,72.1,9.22,20.2,,,0,,2.9,59.4,68.4,8.85,19.6,,,8
1589764828,11.6,9,27.9,35.8,,2.88,61.9,72.1,9.22,20.2,,,0,,2.9,59.4,68.4,8.85,19.6,,,8
1589765004,11.7,9.1,27.8,35.2,,3.01,62.2,76,10.17,22.9,,,0,,2.97,59.8,78.3,10.29,21.8,,,8
1589765005,11.7,9.1,27.8,35.2,,3.01,62.2,76,10.17,22.9,,,0,,2.97,59.8,78.3,10.29,21.8,,,8
1589765185,11.7,9.3,28,36.2,,2.83,62.5,70,8.16,21.8,,,0,,2.82,60.3,67.1,7.73,20.9,,,8
1589765185,11.7,9.3,28,36.2,,2.83,62.5,70,8.16,21.8,,,0,,2.82,60.3,67.1,7.73,20.9,,,8
1589765365,11.8,9.3,27.8,35.4,,3,62,73.6,9.52,23.9,,,0,,2.98,60,71.7,9.4,22.8,,,8
1589765366,11.8,9.3,27.8,35.4,,3,62,73.6,9.52,23.9,,,0,,2.98,60,71.7,9.4,22.8,,,8
1589765545,11.8,9.4,27.9,36.2,,3.01,62.5,71.5,9.25,20.2,,,0,,2.97,60.5,71.7,9.16,20,,,8
1589765546,11.8,9.4,27.9,36.2,,3.01,62.5,71.5,9.25,20.2,,,0,,2.97,60.5,71.7,9.16,20,,,8
1589765726,11.8,9.3,27.9,35.3,,2.97,61.8,75.8,9.56,24.9,,,0,,2.96,59.8,72,9.35,23.3,,,8
1589765727,11.8,9.3,27.9,35.3,,2.97,61.8,75.8,9.56,24.9,,,0,,2.96,59.8,72,9.35,23.3,,,8
1589765907,11.8,9,28,36,,2.92,61.2,76.8,9.72,21.5,,,0,,2.93,58.7,71.5,9.39,20,,,8
1589765907,11.8,9,28,36,,2.92,61.2,76.8,9.72,21.5,,,0,,2.93,58.7,71.5,9.39,20,,,8
1589766087,11.8,9.2,27.9,35.4,,3,61.7,74.2,9.77,23.3,,,0,,2.98,59.9,72.1,9.73,23,,,8
1589766087,11.8,9.2,27.9,35.4,,3,61.7,74.2,9.77,23.3,,,0,,2.98,59.9,72.1,9.73,23,,,8
1589766267,11.7,8.8,27.9,35.8,,2.86,61.1,75.7,9.42,21.3,,,0,,2.78,58.6,79.7,9.42,24.7,,,8
1589766268,11.7,8.8,27.9,35.8,,2.86,61.1,75.7,9.42,21.3,,,0,,2.78,58.6,79.7,9.42,24.7,,,8
1589766448,11.7,9.1,27.9,35.5,,3.02,61.5,74.3,9.97,23.1,,,0,,3,59.7,73.9,9.97,23,,,8
1589766448,11.7,9.1,27.9,35.5,,3.02,61.5,74.3,9.97,23.1,,,0,,3,59.7,73.9,9.97,23,,,8
1589766685,11.8,9.3,27.8,35.4,,3.05,62,76.3,10.42,24.5,,,0,,3.01,60,76.3,10.43,22.9,,,8
1589766685,11.8,9.3,27.8,35.4,,3.05,62,76.3,10.42,24.5,,,0,,3.01,60,76.3,10.43,22.9,,,8
1589766865,11.8,9.3,27.9,36.3,,3,62.4,76,10.07,20.9,,,0,,2.97,60.5,75.7,10.03,20.8,,,8
1589766866,11.8,9.3,27.9,36.3,,3,62.4,76,10.07,20.9,,,0,,2.97,60.5,75.7,10.03,20.8,,,8
1589767046,11.8,9.2,27.8,35.3,,3,61.5,74.8,9.78,23.9,,,0,,2.98,59.3,74.4,9.72,23.5,,,8
1589767046,11.8,9.2,27.8,35.3,,3,61.5,74.8,9.78,23.9,,,0,,2.98,59.3,74.4,9.72,23.5,,,8
1589767226,11.6,9.2,27.9,36.6,,2.85,62.6,68.8,8.1,23.1,,,0,,2.86,60.3,64.5,7.64,21.5,,,8
1589767227,11.6,9.2,27.9,36.6,,2.85,62.6,68.8,8.1,23.1,,,0,,2.86,60.3,64.5,7.64,21.5,,,8
1589767406,11.6,8.9,27.4,35.2,,2.93,61,74.1,9.78,22.5,,,0,,2.9,58.7,75,9.9,22.5,,,8
1589767407,11.6,8.9,27.4,35.2,,2.93,61,74.1,9.78,22.5,,,0,,2.9,58.7,75,9.9,22.5,,,8
1589767587,11.4,8.9,27.3,35.8,,2.92,62.2,74.6,9.65,22.3,,,0,,2.88,60.7,74.9,9.61,23.3,,,8
1589767587,11.4,8.9,27.3,35.8,,2.92,62.2,74.6,9.65,22.3,,,0,,2.88,60.7,74.9,9.61,23.3,,,8
1589767767,11.3,8.8,26.9,34.6,,2.9,60.7,76.4,9.7,23.1,,,0,,2.92,58.8,71.3,9.5,21.1,,,8
1589767768,11.3,8.8,26.9,34.6,,2.9,60.7,76.4,9.7,23.1,,,0,,2.92,58.8,71.3,9.5,21.1,,,8
1589767948,11.2,8.8,26.8,34.7,,2.92,61.4,77.6,10.1,24.1,,,0,,2.91,59.7,72.1,9.92,21.7,,,8
1589768129,11.1,8.4,26.6,34.5,,2.81,59.9,73.1,8.87,21.2,,,0,,2.82,58,67.6,8.61,22,,,8
1589768130,11.1,8.4,26.6,34.5,,2.81,59.9,73.1,8.87,21.2,,,0,,2.82,58,67.6,8.61,22,,,8
1589768310,11,8.6,26.5,34.2,,2.88,60.8,79.4,10.07,24.6,,,0,,2.88,59.2,72.7,9.85,21.8,,,8
1589768310,11,8.6,26.5,34.2,,2.88,60.8,79.4,10.07,24.6,,,0,,2.88,59.2,72.7,9.85,21.8,,,8
1589768492,10.9,8,26.5,35,,2.66,60.6,81.3,8.9,26.5,,,0,,2.71,58.7,67.3,8.29,21.8,,,8
1589768493,10.9,8,26.5,35,,2.66,60.6,81.3,8.9,26.5,,,0,,2.71,58.7,67.3,8.29,21.8,,,8
1589768673,10.8,8.4,26.6,34.7,,2.85,61.2,73.1,9.19,23.6,,,0,,2.8,59.9,70.3,9.09,22.5,,,8
1589768674,10.8,8.4,26.6,34.7,,2.85,61.2,73.1,9.19,23.6,,,0,,2.8,59.9,70.3,9.09,22.5,,,8
1589768853,10.7,8.2,26.6,35.2,,2.7,61,68.8,7.93,22.6,,,0,,2.65,59.7,64.9,7.54,21,,,8
1589768854,10.7,8.2,26.6,35.2,,2.7,61,68.8,7.93,22.6,,,0,,2.65,59.7,64.9,7.54,21,,,8
1589769034,10.7,8.3,26.5,34.4,,2.81,61,77.7,9.91,23.1,,,0,,2.77,60.1,73.8,9.77,22.4,,,8
1589769035,10.7,8.3,26.5,34.4,,2.81,61,77.7,9.91,23.1,,,0,,2.77,60.1,73.8,9.77,22.4,,,8
1589769395,10.6,8.2,26.6,34.3,,2.83,61.1,74.2,9.96,22.9,,,0,,2.77,59.6,74.6,10.07,22.7,,,8
1589769396,10.6,8.2,26.6,34.3,,2.83,61.1,74.2,9.96,22.9,,,0,,2.77,59.6,74.6,10.07,22.7,,,8
1589769578,10.6,8,26.5,34.1,,2.78,60.1,70.8,8.97,22.8,,,0,,2.72,58.3,70.9,8.95,23,,,8
1589769579,10.6,8,26.5,34.1,,2.78,60.1,70.8,8.97,22.8,,,0,,2.72,58.3,70.9,8.95,23,,,8
1589769759,10.5,8.1,26.7,34.7,,2.67,61.3,66.7,7.85,23.3,,,0,,2.6,60,65.3,7.5,22.8,,,8
1589769760,10.5,8.1,26.7,34.7,,2.67,61.3,66.7,7.85,23.3,,,0,,2.6,60,65.3,7.5,22.8,,,8
1589770121,10.6,8.2,26.4,32.9,,2.8,60.5,68.7,9.27,20.9,,,0,,2.73,59.3,68.2,9.26,21.2,,,8
1589770122,10.6,8.2,26.4,32.9,,2.8,60.5,68.7,9.27,20.9,,,0,,2.73,59.3,68.2,9.26,21.2,,,8
1589770364,10.5,8.2,26.2,33.1,,2.8,61.7,69.2,9.49,20.9,,,0,,2.75,60.2,68.5,9.42,21.3,,,8
1589770365,10.5,8.2,26.2,33.1,,2.8,61.7,69.2,9.49,20.9,,,0,,2.75,60.2,68.5,9.42,21.3,,,8
1589770546,10.5,8,26.2,33.1,,2.73,62.3,68.4,9.12,21.8,,,0,,2.7,59.9,67.3,8.95,21.4,,,8
1589770546,10.5,8,26.2,33.1,,2.73,62.3,68.4,9.12,21.8,,,0,,2.7,59.9,67.3,8.95,21.4,,,8
1589770723,10.4,7.6,26.3,33.7,,2.69,62.8,68.3,9,19.7,,,0,,2.46,60.5,66.8,8.75,19.2,,,8
1589770723,10.4,7.6,26.3,33.7,,2.69,62.8,68.3,9,19.7,,,0,,2.46,60.5,66.8,8.75,19.2,,,8
1589770904,10.4,7.6,26.3,33.4,,2.73,63.4,69.3,9.24,22.1,,,0,,2.45,63.5,67.8,8.96,21.8,,,8
1589770905,10.4,7.6,26.3,33.4,,2.73,63.4,69.3,9.24,22.1,,,0,,2.45,63.5,67.8,8.96,21.8,,,8
1589771090,10.6,8.6,26.1,30.8,,2.51,60.8,88.6,8.35,28.6,,,0,,3.3,60.5,0,6.2,0,,,8
1589771091,10.6,8.6,26.1,30.8,,2.51,60.8,88.6,8.35,28.6,,,0,,3.3,60.5,0,6.2,0,,,8
1589771267,10.6,8.2,26.2,29.4,,2.15,59.8,102,8.94,32.4,,,0,,3.58,55.7,0,5.89,0,,,8
1589771268,10.6,8.2,26.2,29.4,,2.15,59.8,102,8.94,32.4,,,0,,3.58,55.7,0,5.89,0,,,8
1589771447,10.5,8.1,26.2,29,,2.42,57.5,98.8,8.53,31.4,,,0,,3.42,52.5,0,5.91,0,,,8
1589771448,10.5,8.1,26.2,29,,2.42,57.5,98.8,8.53,31.4,,,0,,3.42,52.5,0,5.91,0,,,8
1589771629,10.4,8.2,26.2,28.7,,2.52,54.9,86,8.14,27.1,,,0,,3.41,49.3,0,5.72,0,,,8
1589771630,10.4,8.2,26.2,28.7,,2.52,54.9,86,8.14,27.1,,,0,,3.41,49.3,0,5.72,0,,,8
1589771809,10.4,8.2,26.2,28.5,,2.52,53.9,87.6,8.23,27.8,,,0,,3.43,47.3,0,5.72,0,,,8
1589771810,10.4,8.2,26.2,28.5,,2.52,53.9,87.6,8.23,27.8,,,0,,3.43,47.3,0,5.72,0,,,8
1589771990,10.4,8.1,26.1,28.5,,2.54,53.4,89.7,8.41,28.2,,,0,,3.42,45,0,5.43,0,,,8
1589771991,10.4,8.1,26.1,28.5,,2.54,53.4,89.7,8.41,28.2,,,0,,3.42,45,0,5.43,0,,,8
1589772171,10.3,8,26.2,28.6,,2.5,53.1,90.4,8.28,28.8,,,0,,3.42,43.3,0,4.84,0,,,8
1589772171,10.3,8,26.2,28.6,,2.5,53.1,90.4,8.28,28.8,,,0,,3.42,43.3,0,4.84,0,,,8
1589772351,10.3,8,26.2,28.7,,2.52,53.1,82.7,8.09,26,,,0,,3.33,41.9,0,3.46,0,,,8
1589772352,10.3,8,26.2,28.7,,2.52,53.1,82.7,8.09,26,,,0,,3.33,41.9,0,3.46,0,,,8
1589772531,10.3,8.2,26.2,28.5,,2.55,52.5,82.1,8.03,25.9,,,0,,3.32,40.5,0,3.42,0,,,8
1589772531,10.3,8.2,26.2,28.5,,2.55,52.5,82.1,8.03,25.9,,,0,,3.32,40.5,0,3.42,0,,,8
1589772712,10.3,8.2,26.1,28.4,,2.54,52.4,82,8.02,25.8,,,0,,3.31,39.4,0,3.4,0,,,8
1589772712,10.3,8.2,26.1,28.4,,2.54,52.4,82,8.02,25.8,,,0,,3.31,39.4,0,3.4,0,,,8
1589772892,10.3,8.2,26.1,28.4,,2.55,52.3,82.7,8.2,25.8,,,0,,3.31,38.7,0,3.4,0,,,8
1589772892,10.3,8.2,26.1,28.4,,2.55,52.3,82.7,8.2,25.8,,,0,,3.31,38.7,0,3.4,0,,,8
1589773072,10.3,8.2,26.2,28.4,,2.56,52.2,82.8,8.2,26.1,,,0,,3.32,38,0,3.4,0,,,8
1589773073,10.3,8.2,26.2,28.4,,2.56,52.2,82.8,8.2,26.1,,,0,,3.32,38,0,3.4,0,,,8
1589773253,10.3,8.2,26.2,28.4,,2.55,52.2,82.8,8.16,26.1,,,0,,3.31,37.4,0,3.4,0,,,8
1589773253,10.3,8.2,26.2,28.4,,2.55,52.2,82.8,8.16,26.1,,,0,,3.31,37.4,0,3.4,0,,,8
1589773433,10.3,8.2,26.1,28.4,,2.55,52.2,82.8,8.14,26.1,,,0,,3.28,36.8,0,3.37,0,,,8
1589773434,10.3,8.2,26.1,28.4,,2.55,52.2,82.8,8.14,26.1,,,0,,3.28,36.8,0,3.37,0,,,8
1589773614,10.3,8.1,26.1,28.4,,2.55,52.1,83,8.19,26.2,,,0,,3.27,36.2,0,3.36,0,,,8
1589773615,10.3,8.1,26.1,28.4,,2.55,52.1,83,8.19,26.2,,,0,,3.27,36.2,0,3.36,0,,,8
1589773795,10.3,8.1,26.1,28.4,,2.56,52.1,83.1,8.13,26.2,,,0,,3.27,35.8,0,3.35,0,,,8
1589773796,10.3,8.1,26.1,28.4,,2.56,52.1,83.1,8.13,26.2,,,0,,3.27,35.8,0,3.35,0,,,8
1589774027,10.3,8.1,26.1,28.4,,2.56,52,83.5,8.25,25.9,,,0,,3.26,35.2,0,3.36,0,,,8
1589774028,10.3,8.1,26.1,28.4,,2.56,52,83.5,8.25,25.9,,,0,,3.26,35.2,0,3.36,0,,,8
1589774208,10.3,8.1,26.1,28.4,,2.54,52,83.2,8.16,26,,,0,,3.25,34.8,0,3.35,0,,,8
1589774208,10.3,8.1,26.1,28.4,,2.54,52,83.2,8.16,26,,,0,,3.25,34.8,0,3.35,0,,,8
1589774386,10.3,8.1,26.1,28.4,,2.56,52,82.8,8.05,25.9,,,0,,3.26,34.5,0,3.35,0,,,8
1589774386,10.3,8.1,26.1,28.4,,2.56,52,82.8,8.05,25.9,,,0,,3.26,34.5,0,3.35,0,,,8
1589774566,10.3,8.1,26.1,28.3,,2.55,51.9,83.5,8.14,26.1,,,0,,3.27,34.3,0,3.36,0,,,8
1589774567,10.3,8.1,26.1,28.3,,2.55,51.9,83.5,8.14,26.1,,,0,,3.27,34.3,0,3.36,0,,,8
1589774747,10.2,8.1,26.1,28.4,,2.54,52,82.3,8.05,26.2,,,0,,3.25,34,0,3.33,0,,,8
1589774747,10.2,8.1,26.1,28.4,,2.54,52,82.3,8.05,26.2,,,0,,3.25,34,0,3.33,0,,,8
1589774931,10.2,8.1,26.1,28.4,,2.54,52,83.1,8.03,26.3,,,0,,3.26,33.7,0,3.33,0,,,8
1589774931,10.2,8.1,26.1,28.4,,2.54,52,83.1,8.03,26.3,,,0,,3.26,33.7,0,3.33,0,,,8
1589775110,10.3,8.1,26.1,28.4,,2.55,52,83,8.07,26.4,,,0,,3.27,33.5,0,3.33,0,,,8
1589775110,10.3,8.1,26.1,28.4,,2.55,52,83,8.07,26.4,,,0,,3.27,33.5,0,3.33,0,,,8
1589775290,10.2,8.1,26.2,28.4,,2.54,52,83.2,8.05,26.2,,,0,,3.25,33.3,0,3.32,0,,,8
1589775290,10.2,8.1,26.2,28.4,,2.54,52,83.2,8.05,26.2,,,0,,3.25,33.3,0,3.32,0,,,8
1589775471,10.2,8.1,26.3,28.5,,2.55,52.1,83.4,8.1,26.5,,,0,,3.25,33,0,3.33,0,,,8
1589775471,10.2,8.1,26.3,28.5,,2.55,52.1,83.4,8.1,26.5,,,0,,3.25,33,0,3.33,0,,,8
1589775651,10.2,8.1,26.3,28.6,,2.56,52.1,83.3,8.12,26.5,,,0,,3.25,32.9,0,3.32,0,,,8
1589775651,10.2,8.1,26.3,28.6,,2.56,52.1,83.3,8.12,26.5,,,0,,3.25,32.9,0,3.32,0,,,8
1589775842,10.2,8.1,26.4,28.7,,2.56,52.2,84.3,8.31,26.7,,,0,,3.25,32.7,0,3.32,0,,,8
1589775842,10.2,8.1,26.4,28.7,,2.56,52.2,84.3,8.31,26.7,,,0,,3.25,32.7,0,3.32,0,,,8
1589776022,10.3,8.1,26.4,28.7,,2.56,52.2,83.5,8.23,26.2,,,0,,3.25,32.5,0,3.33,0,,,8
1589776022,10.3,8.1,26.4,28.7,,2.56,52.2,83.5,8.23,26.2,,,0,,3.25,32.5,0,3.33,0,,,8
1589776205,10.3,8.1,26.5,28.7,,2.57,52.2,83.6,8.24,26.5,,,0,,3.26,32.4,0,3.35,0,,,8
1589776206,10.3,8.1,26.5,28.7,,2.57,52.2,83.6,8.24,26.5,,,0,,3.26,32.4,0,3.35,0,,,8
1589776386,10.4,8.2,26.5,28.8,,2.57,52.3,82.7,8.15,26.7,,,0,,3.26,32.2,0,3.35,0,,,8
1589776386,10.4,8.2,26.5,28.8,,2.57,52.3,82.7,8.15,26.7,,,0,,3.26,32.2,0,3.35,0,,,8
1589776564,10.4,8.2,26.6,28.9,,2.57,52.5,82.9,8.16,26.6,,,0,,3.27,32,0,3.35,0,,,8
1589776565,10.4,8.2,26.6,28.9,,2.57,52.5,82.9,8.16,26.6,,,0,,3.27,32,0,3.35,0,,,8
1589776749,10.4,8.2,26.6,28.9,,2.57,52.6,83.5,8.19,26.2,,,0,,3.27,31.9,0,3.33,0,,,8
1589776750,10.4,8.2,26.6,28.9,,2.57,52.6,83.5,8.19,26.2,,,0,,3.27,31.9,0,3.33,0,,,8
1589776926,10.4,8.2,26.7,28.9,,2.57,52.6,84.4,8.33,26.3,,,0,,3.26,31.8,0,3.36,0,,,8
1589776927,10.4,8.2,26.7,28.9,,2.57,52.6,84.4,8.33,26.3,,,0,,3.26,31.8,0,3.36,0,,,8
1589777108,10.4,8.2,26.7,28.9,,2.59,52.7,84.2,8.34,26.3,,,0,,3.27,31.7,0,3.33,0,,,8
1589777109,10.4,8.2,26.7,28.9,,2.59,52.7,84.2,8.34,26.3,,,0,,3.27,31.7,0,3.33,0,,,8
1589777289,10.4,8.2,26.6,28.9,,2.57,52.7,84.6,8.34,26.5,,,0,,3.26,31.6,0,3.35,0,,,8
1589777289,10.4,8.2,26.6,28.9,,2.57,52.7,84.6,8.34,26.5,,,0,,3.26,31.6,0,3.35,0,,,8
1589777469,10.4,8.2,26.5,28.9,,2.56,52.7,84.3,8.21,26.4,,,0,,3.25,31.5,0,3.35,0,,,8
1589777469,10.4,8.2,26.5,28.9,,2.56,52.7,84.3,8.21,26.4,,,0,,3.25,31.5,0,3.35,0,,,8
1589777693,10.4,8.2,26.5,28.8,,2.57,52.6,84.1,8.31,26.3,,,0,,3.27,31.4,0,3.35,0,,,8
1589777694,10.4,8.2,26.5,28.8,,2.57,52.6,84.1,8.31,26.3,,,0,,3.27,31.4,0,3.35,0,,,8
1589777877,10.4,8.2,26.6,28.9,,2.57,52.7,84.8,8.38,26.4,,,0,,3.25,31.3,0,3.33,0,,,8
1589777877,10.4,8.2,26.6,28.9,,2.57,52.7,84.8,8.38,26.4,,,0,,3.25,31.3,0,3.33,0,,,8
1589778055,10.4,8.2,26.6,28.9,,2.56,52.7,85.1,8.4,26.6,,,0,,3.25,31.2,0,3.35,0,,,8
1589778055,10.4,8.2,26.6,28.9,,2.56,52.7,85.1,8.4,26.6,,,0,,3.25,31.2,0,3.35,0,,,8
1589778416,10.4,8.2,26.8,29.1,,2.56,52.9,85.4,8.23,27.1,,,0,,3.26,31.1,0,3.36,0,,,8
1589778417,10.4,8.2,26.8,29.1,,2.56,52.9,85.4,8.23,27.1,,,0,,3.26,31.1,0,3.36,0,,,8
1589778597,10.4,8.2,26.8,29.1,,2.56,53,85.2,8.24,26.8,,,0,,3.26,31,0,3.35,0,,,8
1589778597,10.4,8.2,26.8,29.1,,2.56,53,85.2,8.24,26.8,,,0,,3.26,31,0,3.35,0,,,8
1589778777,10.4,8.2,26.8,29.2,,2.57,53,85.5,8.31,26.7,,,0,,3.27,30.9,0,3.35,0,,,8
1589778778,10.4,8.2,26.8,29.2,,2.57,53,85.5,8.31,26.7,,,0,,3.27,30.9,0,3.35,0,,,8
1589778958,10.4,8.2,26.9,29.2,,2.56,53,85.4,8.38,26.8,,,0,,3.26,30.9,0,3.36,0,,,8
1589778959,10.4,8.2,26.9,29.2,,2.56,53,85.4,8.38,26.8,,,0,,3.26,30.9,0,3.36,0,,,8
1589779138,10.4,8.1,26.9,29.2,,2.57,53,86.7,8.65,26.7,,,0,,3.26,30.8,0,3.35,0,,,8
1589779139,10.4,8.1,26.9,29.2,,2.57,53,86.7,8.65,26.7,,,0,,3.26,30.8,0,3.35,0,,,8
1589779319,10.4,8.2,26.9,29.2,,2.57,53,86.5,8.54,26.9,,,0,,3.26,30.8,0,3.35,0,,,8
1589779319,10.4,8.2,26.9,29.2,,2.57,53,86.5,8.54,26.9,,,0,,3.26,30.8,0,3.35,0,,,8
1589779500,10.4,8.2,27,29.3,,2.57,53.1,87.5,8.55,27.3,,,0,,3.27,30.7,0,3.35,0,,,8
1589779500,10.4,8.2,27,29.3,,2.57,53.1,87.5,8.55,27.3,,,0,,3.27,30.7,0,3.35,0,,,8
1589779680,10.5,8.2,27,29.4,,2.56,53.3,86.5,8.29,27.4,,,0,,3.26,30.7,0,3.35,0,,,8
1589779680,10.5,8.2,27,29.4,,2.56,53.3,86.5,8.29,27.4,,,0,,3.26,30.7,0,3.35,0,,,8
1589779861,10.5,8.3,27.1,29.5,,2.57,53.4,86.9,8.33,27.6,,,0,,3.27,30.7,0,3.35,0,,,8
1589779861,10.5,8.3,27.1,29.5,,2.57,53.4,86.9,8.33,27.6,,,0,,3.27,30.7,0,3.35,0,,,8
1589780041,10.5,8.3,27.2,29.5,,2.57,53.4,86.5,8.38,27.6,,,0,,3.27,30.7,0,3.36,0,,,8
1589780041,10.5,8.3,27.2,29.5,,2.57,53.4,86.5,8.38,27.6,,,0,,3.27,30.7,0,3.36,0,,,8
1589780221,10.5,8.3,27.1,29.5,,2.59,53.4,88.4,8.61,27.6,,,0,,3.27,30.7,0,3.36,0,,,8
1589780222,10.5,8.3,27.1,29.5,,2.59,53.4,88.4,8.61,27.6,,,0,,3.27,30.7,0,3.36,0,,,8
1589780404,10.5,8.2,27.1,29.5,,2.59,53.5,88.7,8.65,28.1,,,0,,3.27,30.6,0,3.35,0,,,8
1589780404,10.5,8.2,27.1,29.5,,2.59,53.5,88.7,8.65,28.1,,,0,,3.27,30.6,0,3.35,0,,,8
1589780585,10.5,8.2,27,29.5,,2.55,53.6,90.3,8.53,28.6,,,0,,3.27,30.6,0,3.36,0,,,8
1589780585,10.5,8.2,27,29.5,,2.55,53.6,90.3,8.53,28.6,,,0,,3.27,30.6,0,3.36,0,,,8
1589780766,10.4,8.1,27,29.5,,2.55,53.6,91.9,8.58,28.5,,,0,,3.26,30.6,0,3.35,0,,,8
1589780766,10.4,8.1,27,29.5,,2.55,53.6,91.9,8.58,28.5,,,0,,3.26,30.6,0,3.35,0,,,8
1589780946,10.4,8,27,29.5,,2.51,53.8,92,8.43,29.6,,,0,,3.25,30.5,0,3.35,0,,,8
1589780947,10.4,8,27,29.5,,2.51,53.8,92,8.43,29.6,,,0,,3.25,30.5,0,3.35,0,,,8
1589781127,10.3,8,27.1,29.6,,2.51,53.9,92.8,8.5,29.7,,,0,,3.25,30.5,0,3.32,0,,,8
1589781127,10.3,8,27.1,29.6,,2.51,53.9,92.8,8.5,29.7,,,0,,3.25,30.5,0,3.32,0,,,8
1589781365,10.4,8.3,27.1,29.5,,2.6,53.6,84.5,8.69,26.3,,,0,,3.26,30.5,0,3.36,0,,,8
1589781366,10.4,8.3,27.1,29.5,,2.6,53.6,84.5,8.69,26.3,,,0,,3.26,30.5,0,3.36,0,,,8
1589781545,10.5,8.3,27.2,29.5,,2.6,53.8,84.3,8.33,26.4,,,0,,3.27,30.5,0,3.35,0,,,8
1589781545,10.5,8.3,27.2,29.5,,2.6,53.8,84.3,8.33,26.4,,,0,,3.27,30.5,0,3.35,0,,,8
1589781726,10.6,8.4,27.3,29.7,,2.59,54.1,84.9,8.43,26.4,,,0,,3.27,30.6,0,3.35,0,,,8
1589781727,10.6,8.4,27.3,29.7,,2.59,54.1,84.9,8.43,26.4,,,0,,3.27,30.6,0,3.35,0,,,8
1589781908,10.6,8.4,27.3,29.7,,2.6,54,85.3,8.53,26.6,,,0,,3.28,30.6,0,3.37,0,,,8
1589781909,10.6,8.4,27.3,29.7,,2.6,54,85.3,8.53,26.6,,,0,,3.28,30.6,0,3.37,0,,,8
1589782089,10.6,8.4,27.2,29.7,,2.59,54.2,86.5,8.55,26.8,,,0,,3.27,30.6,0,3.37,0,,,8
1589782089,10.6,8.4,27.2,29.7,,2.59,54.2,86.5,8.55,26.8,,,0,,3.27,30.6,0,3.37,0,,,8
1589782274,10.6,8.4,27.1,29.7,,2.57,54.3,86.5,8.39,27.6,,,0,,3.28,30.6,0,3.36,0,,,8
1589782274,10.6,8.4,27.1,29.7,,2.57,54.3,86.5,8.39,27.6,,,0,,3.28,30.6,0,3.36,0,,,8
1589782452,10.6,8.4,27.1,29.6,,2.59,54.3,86.9,8.44,27.6,,,0,,3.28,30.6,0,3.37,0,,,8
1589782453,10.6,8.4,27.1,29.6,,2.59,54.3,86.9,8.44,27.6,,,0,,3.28,30.6,0,3.37,0,,,8
1589782633,10.6,8.3,27.1,29.7,,2.57,54.4,90.5,8.95,27.9,,,0,,3.28,30.6,0,3.36,0,,,8
1589782633,10.6,8.3,27.1,29.7,,2.57,54.4,90.5,8.95,27.9,,,0,,3.28,30.6,0,3.36,0,,,8
1589782813,10.6,8.3,27.1,29.7,,2.55,54.5,90,8.73,28.2,,,0,,3.27,30.6,0,3.37,0,,,8
1589782814,10.6,8.3,27.1,29.7,,2.55,54.5,90,8.73,28.2,,,0,,3.27,30.6,0,3.37,0,,,8
1589782994,10.6,8.3,27.1,29.8,,2.54,55,89.6,8.46,28.4,,,0,,3.27,30.6,0,3.35,0,,,8
1589782994,10.6,8.3,27.1,29.8,,2.54,55,89.6,8.46,28.4,,,0,,3.27,30.6,0,3.35,0,,,8
1589783174,10.6,8.2,27.1,29.8,,2.54,54.8,92.8,8.94,28.6,,,0,,3.27,30.6,0,3.36,0,,,8
1589783174,10.6,8.2,27.1,29.8,,2.54,54.8,92.8,8.94,28.6,,,0,,3.27,30.6,0,3.36,0,,,8
1589783354,10.5,8.2,27.1,29.8,,2.52,55,91,8.44,30.1,,,0,,3.26,30.6,0,3.35,0,,,8
1589783355,10.5,8.2,27.1,29.8,,2.52,55,91,8.44,30.1,,,0,,3.26,30.6,0,3.35,0,,,8
1589783535,10.5,8.1,27,29.8,,2.54,55,95,9.51,29.4,,,0,,3.26,30.6,0,3.35,0,,,8
1589783535,10.5,8.1,27,29.8,,2.54,55,95,9.51,29.4,,,0,,3.26,30.6,0,3.35,0,,,8
1589783721,10.5,8.1,27.1,29.9,,2.5,55.2,94.9,8.68,30.6,,,0,,3.26,30.6,0,3.35,0,,,8
1589783721,10.5,8.1,27.1,29.9,,2.5,55.2,94.9,8.68,30.6,,,0,,3.26,30.6,0,3.35,0,,,8
1589783902,10.4,8.1,27.2,30,,2.52,55.5,94.9,8.79,30.1,,,0,,3.26,30.6,0,3.33,0,,,8
1589783903,10.4,8.1,27.2,30,,2.52,55.5,94.9,8.79,30.1,,,0,,3.26,30.6,0,3.33,0,,,8
1589784079,10.4,8.1,27.3,30.1,,2.46,56,95,8.56,31.1,,,0,,3.25,30.6,0,3.33,0,,,8
1589784478,10.7,8.7,27.1,29.6,,2.65,54.9,77.2,8.23,23.8,,,0,,3.3,30.6,0,3.37,0,,,8
1589784478,10.7,8.7,27.1,29.6,,2.65,54.9,77.2,8.23,23.8,,,0,,3.3,30.6,0,3.37,0,,,8
1589784649,10.8,8.7,27.1,29.6,,2.66,54.7,80.9,9.06,25.2,,,0,,3.31,30.6,0,3.38,0,,,8
1589784649,10.8,8.7,27.1,29.6,,2.66,54.7,80.9,9.06,25.2,,,0,,3.31,30.6,0,3.38,0,,,8
1589784838,10.9,8.7,27,29.6,,2.62,55.6,80.6,8.75,26,,,0,,3.32,30.6,0,3.4,0,,,8
1589785014,10.9,8.8,27.1,29.8,,2.67,55.9,80,8.69,24.8,,,0,,3.32,30.6,0,3.42,0,,,8
1589785014,10.9,8.8,27.1,29.8,,2.67,55.9,80,8.69,24.8,,,0,,3.32,30.6,0,3.42,0,,,8
1589785193,10.9,8.8,27.1,29.8,,2.69,56.1,81,8.78,25,,,0,,3.35,30.6,0,3.42,0,,,8
1589785193,10.9,8.8,27.1,29.8,,2.69,56.1,81,8.78,25,,,0,,3.35,30.6,0,3.42,0,,,8
1589785373,11,8.8,27.1,29.7,,2.6,56.1,79.7,8.3,26.1,,,0,,3.33,30.6,0,3.41,0,,,8
1589785373,11,8.8,27.1,29.7,,2.6,56.1,79.7,8.3,26.1,,,0,,3.33,30.6,0,3.41,0,,,8
1589785554,11,8.9,27.1,30,,2.56,57.2,80.6,8.36,27,,,0,,3.35,30.7,0,3.42,0,,,8
1589785554,11,8.9,27.1,30,,2.56,57.2,80.6,8.36,27,,,0,,3.35,30.7,0,3.42,0,,,8
1589785734,11.1,8.6,27.1,29.9,,2.59,56.9,82.1,8.6,26.3,,,0,,2.96,44.8,44.6,7.09,14,,,8
1589785734,11.1,8.6,27.1,29.9,,2.59,56.9,82.1,8.6,26.3,,,0,,2.96,44.8,44.6,7.09,14,,,8
1589785915,10.8,7.5,27.2,31.3,,2.54,57.7,77.8,8.63,24.3,,,0,,2.57,56.8,69.7,8,21.1,,,8
1589785915,10.8,7.5,27.2,31.3,,2.54,57.7,77.8,8.63,24.3,,,0,,2.57,56.8,69.7,8,21.1,,,8
1589786095,10.4,7.6,27.4,31.5,,2.69,58.3,68.2,9.17,19.9,,,0,,2.64,57.6,72.6,9.05,20.8,,,8
1589786095,10.4,7.6,27.4,31.5,,2.69,58.3,68.2,9.17,19.9,,,0,,2.64,57.6,72.6,9.05,20.8,,,8
1589786275,10.3,7.7,27.5,31.8,,2.65,59.6,66.1,8.49,20.9,,,0,,2.62,58.6,64.4,7.98,20.1,,,8
1589786276,10.3,7.7,27.5,31.8,,2.65,59.6,66.1,8.49,20.9,,,0,,2.62,58.6,64.4,7.98,20.1,,,8
1589786456,10.2,7.5,27.5,31.6,,2.57,59.8,66,8.34,20.3,,,0,,2.51,58.4,64.4,7.84,20,,,8
1589786456,10.2,7.5,27.5,31.6,,2.57,59.8,66,8.34,20.3,,,0,,2.51,58.4,64.4,7.84,20,,,8
1589786636,10.1,7.4,27.5,31.8,,2.55,60.6,67.1,8.55,21.2,,,0,,2.17,59.7,66,8.02,20.5,,,8
1589786637,10.1,7.4,27.5,31.8,,2.55,60.6,67.1,8.55,21.2,,,0,,2.17,59.7,66,8.02,20.5,,,8
1589786817,10.1,7.3,27.6,31.7,,2.52,61.3,66.2,8.2,21.3,,,0,,2.24,62.2,65.1,7.63,20.3,,,8
1589786817,10.1,7.3,27.6,31.7,,2.52,61.3,66.2,8.2,21.3,,,0,,2.24,62.2,65.1,7.63,20.3,,,8
1589787007,10.1,7.6,27.5,32.1,,2.61,62.4,63,8.15,19.3,,,0,,2.56,61.2,62.4,7.59,19.2,,,8
1589787007,10.1,7.6,27.5,32.1,,2.61,62.4,63,8.15,19.3,,,0,,2.56,61.2,62.4,7.59,19.2,,,8
1589787178,10.2,7.4,27.6,32.1,,2.56,63,63.8,8.2,20.5,,,0,,2.42,60.9,62.4,7.64,19.8,,,8
1589787179,10.2,7.4,27.6,32.1,,2.56,63,63.8,8.2,20.5,,,0,,2.42,60.9,62.4,7.64,19.8,,,8
1589787367,10.2,8,27.7,31.9,,2.52,63.8,67.2,9.16,19.7,,,0,,2.25,61.9,65.7,8.58,18.9,,,8
1589787367,10.2,8,27.7,31.9,,2.52,63.8,67.2,9.16,19.7,,,0,,2.25,61.9,65.7,8.58,18.9,,,8
1589787548,10.3,7.4,27.7,32.4,,2.44,65.3,65.7,8.55,20.6,,,0,,2.31,62.7,63.7,7.89,20.1,,,8
1589787548,10.3,7.4,27.7,32.4,,2.44,65.3,65.7,8.55,20.6,,,0,,2.31,62.7,63.7,7.89,20.1,,,8
1589787728,10.4,7.4,27.7,32.3,,2.55,65.2,70.5,9.78,21.3,,,0,,2.41,62.2,68.6,9.32,20.3,,,8
1589787728,10.4,7.4,27.7,32.3,,2.55,65.2,70.5,9.78,21.3,,,0,,2.41,62.2,68.6,9.32,20.3,,,8
1589787907,10.4,8,27.8,32.4,,2.69,64.4,69.6,9.39,20.1,,,0,,2.31,63,68.2,8.96,21.6,,,8
1589787907,10.4,8,27.8,32.4,,2.69,64.4,69.6,9.39,20.1,,,0,,2.31,63,68.2,8.96,21.6,,,8
1589788135,10.4,7.5,27.6,32.9,,2.76,64.5,67.1,9.52,19.5,,,0,,2.46,62.6,70.9,9.5,20.8,,,8
1589788136,10.4,7.5,27.6,32.9,,2.76,64.5,67.1,9.52,19.5,,,0,,2.46,62.6,70.9,9.5,20.8,,,8
1589788316,10.4,7.9,27.8,32.7,,2.72,64.9,68.7,10.03,19.9,,,0,,2.67,62.6,67.6,9.71,20.1,,,8
1589788316,10.4,7.9,27.8,32.7,,2.72,64.9,68.7,10.03,19.9,,,0,,2.67,62.6,67.6,9.71,20.1,,,8
1589788496,10.5,8.2,27.6,32.8,,2.69,65.8,69.5,10.18,19.3,,,0,,2.77,62.2,68.1,9.76,18.7,,,8
1589788496,10.5,8.2,27.6,32.8,,2.69,65.8,69.5,10.18,19.3,,,0,,2.77,62.2,68.1,9.76,18.7,,,8
1589788676,10.5,7.8,27.6,32.7,,2.59,66.4,68.4,9.76,19.2,,,0,,2.61,61.1,66.6,9.26,18.5,,,8
1589788677,10.5,7.8,27.6,32.7,,2.59,66.4,68.4,9.76,19.2,,,0,,2.61,61.1,66.6,9.26,18.5,,,8
1589788857,10.6,8.2,27.5,32.9,,2.62,66.9,68.1,9.6,20.4,,,0,,2.35,62.4,66.2,9.12,19.9,,,8
1589788857,10.6,8.2,27.5,32.9,,2.62,66.9,68.1,9.6,20.4,,,0,,2.35,62.4,66.2,9.12,19.9,,,8
1589789038,10.6,8.2,27.5,33.4,,2.71,67.1,69.5,9.97,20.8,,,0,,2.42,63.8,68.1,9.6,19.9,,,8
1589789038,10.6,8.2,27.5,33.4,,2.71,67.1,69.5,9.97,20.8,,,0,,2.42,63.8,68.1,9.6,19.9,,,8
1589789217,10.7,7.8,27.4,33.4,,2.64,67,70,10.08,19.8,,,0,,2.6,63.7,68.2,9.58,19.2,,,8
1589789218,10.7,7.8,27.4,33.4,,2.64,67,70,10.08,19.8,,,0,,2.6,63.7,68.2,9.58,19.2,,,8
1589789398,10.9,8.7,27.5,31.9,,3.67,64.8,0,5.77,0,,,0,,1.78,62.6,96.5,9.77,31.8,,,8
1589789398,10.9,8.7,27.5,31.9,,3.67,64.8,0,5.77,0,,,0,,1.78,62.6,96.5,9.77,31.8,,,8
1589789578,11.3,9.2,27.2,32.3,,4.02,59.2,0,5.57,0,,,0,,2.71,60.4,80.1,9.35,24.4,,,8
1589789579,11.3,9.2,27.2,32.3,,4.02,59.2,0,5.57,0,,,0,,2.71,60.4,80.1,9.35,24.4,,,8
1589789759,11.5,9.7,27,32.7,,4.09,55.6,0,5.28,0,,,0,,2.85,60.6,72.8,8.6,23.6,,,8
1589789760,11.5,9.7,27,32.7,,4.09,55.6,0,5.28,0,,,0,,2.85,60.6,72.8,8.6,23.6,,,8
1589789940,11.5,9,27.1,33.4,,2.77,64.7,64.5,8.43,20.4,,,0,,2.77,60.8,69.4,8.15,20.9,,,8
1589789940,11.5,9,27.1,33.4,,2.77,64.7,64.5,8.43,20.4,,,0,,2.77,60.8,69.4,8.15,20.9,,,8
1589790120,11.3,8.8,27.3,34.5,,2.88,66.4,69.6,9.49,22.1,,,0,,2.86,60.3,70.7,9.27,22.7,,,8
1589790121,11.3,8.8,27.3,34.5,,2.88,66.4,69.6,9.49,22.1,,,0,,2.86,60.3,70.7,9.27,22.7,,,8
1589790300,11.2,8.5,27.3,34,,2.87,64.9,72.7,9.95,22.5,,,0,,2.85,58.8,74.1,9.8,22.2,,,8
1589790301,11.2,8.5,27.3,34,,2.87,64.9,72.7,9.95,22.5,,,0,,2.85,58.8,74.1,9.8,22.2,,,8
1589790481,11.1,8.3,27.5,34.6,,2.8,64.7,71.9,9.57,21.9,,,0,,2.78,58.7,71.9,9.25,21.7,,,8
1589790481,11.1,8.3,27.5,34.6,,2.8,64.7,71.9,9.57,21.9,,,0,,2.78,58.7,71.9,9.25,21.7,,,8
1589790665,11,8.3,27.5,34.8,,2.75,64.8,68.8,8.83,20.5,,,0,,2.71,59.3,68.4,8.4,20.5,,,8
1589790666,11,8.3,27.5,34.8,,2.75,64.8,68.8,8.83,20.5,,,0,,2.71,59.3,68.4,8.4,20.5,,,8
1589790846,10.9,8.4,27.5,34.7,,2.85,65.2,71.6,9.96,21.2,,,0,,2.78,60.5,74.1,9.83,22.7,,,8
1589790847,10.9,8.4,27.5,34.7,,2.85,65.2,71.6,9.96,21.2,,,0,,2.78,60.5,74.1,9.83,22.7,,,8
1589791027,10.9,8.4,27.4,34.5,,2.85,64.3,72.4,9.93,21.3,,,0,,2.8,59.6,75.7,9.97,23,,,8
1589791027,10.9,8.4,27.4,34.5,,2.85,64.3,72.4,9.93,21.3,,,0,,2.8,59.6,75.7,9.97,23,,,8
1589791207,10.9,8.2,27.4,34.9,,2.78,64.2,70.2,9.3,19.9,,,0,,2.72,59.4,72.7,9.16,20.2,,,8
1589791208,10.9,8.2,27.4,34.9,,2.78,64.2,70.2,9.3,19.9,,,0,,2.72,59.4,72.7,9.16,20.2,,,8
1589791388,10.9,8.4,27.3,34.7,,2.87,64.5,73.7,10.41,22.5,,,0,,2.82,60.5,76.9,10.52,21.7,,,8
1589791389,10.9,8.4,27.3,34.7,,2.87,64.5,73.7,10.41,22.5,,,0,,2.82,60.5,76.9,10.52,21.7,,,8
1589791569,10.9,8.4,27.3,34.4,,2.85,63.6,72.9,10,22.4,,,0,,2.85,59.3,71,9.75,21.3,,,8
1589791569,10.9,8.4,27.3,34.4,,2.85,63.6,72.9,10,22.4,,,0,,2.85,59.3,71,9.75,21.3,,,8
1589791801,10.9,8.4,27.3,34.5,,2.85,63.6,67.9,9.1,21.2,,,0,,2.81,59.2,68.6,9.02,21.7,,,8
1589791802,10.9,8.4,27.3,34.5,,2.85,63.6,67.9,9.1,21.2,,,0,,2.81,59.2,68.6,9.02,21.7,,,8
1589792162,11,8.6,27.3,34,,2.88,63.4,70.4,9.77,21.4,,,0,,2.83,59.8,71.2,9.8,21.2,,,8
1589792163,11,8.6,27.3,34,,2.88,63.4,70.4,9.77,21.4,,,0,,2.83,59.8,71.2,9.8,21.2,,,8
1589792342,11,8.4,27.4,34.8,,2.78,63.7,67,8.76,20.9,,,0,,2.75,59.9,66.4,8.5,21.4,,,8
1589792343,11,8.4,27.4,34.8,,2.78,63.7,67,8.76,20.9,,,0,,2.75,59.9,66.4,8.5,21.4,,,8
1589792524,11,8.6,27.4,34.9,,2.85,64.6,70.1,9.61,22.5,,,0,,2.8,61.7,70.1,9.55,22.4,,,8
1589792524,11,8.6,27.4,34.9,,2.85,64.6,70.1,9.61,22.5,,,0,,2.8,61.7,70.1,9.55,22.4,,,8
1589792704,10.9,8.3,27.3,34.8,,2.82,63.6,69.6,9.34,22.1,,,0,,2.77,60.1,69.4,9.17,22,,,8
1589792705,10.9,8.3,27.3,34.8,,2.82,63.6,69.6,9.34,22.1,,,0,,2.77,60.1,69.4,9.17,22,,,8
1589792885,10.9,8.5,27.5,35.4,,2.87,64.8,73.2,10.12,20.1,,,0,,2.81,62.4,73.1,10.13,20,,,8
1589792885,10.9,8.5,27.5,35.4,,2.87,64.8,73.2,10.12,20.1,,,0,,2.81,62.4,73.1,10.13,20,,,8
1589793065,10.9,8.4,27.3,34.6,,2.82,64,70.3,9.37,22.1,,,0,,2.77,61.4,69.6,9.19,21.6,,,8
1589793066,10.9,8.4,27.3,34.6,,2.82,64,70.3,9.37,22.1,,,0,,2.77,61.4,69.6,9.19,21.6,,,8
1589793246,10.8,8.4,27.5,35.7,,2.77,65,66.8,8.39,20,,,0,,2.7,63,65.3,8.04,19.4,,,8
1589793246,10.8,8.4,27.5,35.7,,2.77,65,66.8,8.39,20,,,0,,2.7,63,65.3,8.04,19.4,,,8
1589793426,10.8,8.4,27.3,34.8,,2.83,64.3,74.3,10.15,21.7,,,0,,2.78,62.2,73.5,10.07,21.6,,,8
1589793427,10.8,8.4,27.3,34.8,,2.83,64.3,74.3,10.15,21.7,,,0,,2.78,62.2,73.5,10.07,21.6,,,8
1589793606,10.9,8.7,27.6,35.1,,2.88,64.7,67.8,9.15,20,,,0,,2.82,62.7,66.7,9.02,20.2,,,8
1589793607,10.9,8.7,27.6,35.1,,2.88,64.7,67.8,9.15,20,,,0,,2.82,62.7,66.7,9.02,20.2,,,8
1589793787,11,8.7,27.4,34.2,,2.88,64.2,70,9.82,20.9,,,0,,2.86,61.9,68.4,9.7,20.6,,,8
1589793788,11,8.7,27.4,34.2,,2.88,64.2,70,9.82,20.9,,,0,,2.86,61.9,68.4,9.7,20.6,,,8
1589793969,11,8.5,27.6,35.1,,2.8,64.4,66.8,8.66,19.8,,,0,,2.78,61.6,64.7,8.33,19.4,,,8
1589793970,11,8.5,27.6,35.1,,2.8,64.4,66.8,8.66,19.8,,,0,,2.78,61.6,64.7,8.33,19.4,,,8
1589794149,11.1,8.7,27.4,34.4,,2.86,64.7,69,9.41,22.3,,,0,,2.85,61.9,66.5,9.07,21.1,,,8
1589794329,11.1,8.5,27.5,34.8,,2.85,64.5,70.7,9.75,21.8,,,0,,2.85,61.3,67.5,9.32,20.7,,,8
1589794329,11.1,8.5,27.5,34.8,,2.85,64.5,70.7,9.75,21.8,,,0,,2.85,61.3,67.5,9.32,20.7,,,8
1589794509,11.3,9.7,27.7,33.4,,2.96,64.5,77.9,10.23,25,,,0,,3.49,60.9,0,6.22,0,,,8
1589794510,11.3,9.7,27.7,33.4,,2.96,64.5,77.9,10.23,25,,,0,,3.49,60.9,0,6.22,0,,,8
1589794700,11.6,9.7,27.6,32.7,,2.86,61.6,84.6,9.25,26.2,,,0,,3.62,56.9,0,5.59,0,,,8
1589794700,11.6,9.7,27.6,32.7,,2.86,61.6,84.6,9.25,26.2,,,0,,3.62,56.9,0,5.59,0,,,8
1589794881,11.9,10.3,27.6,32.9,,3,61.5,79.7,9.25,27.5,,,0,,3.71,53,0,4.74,0,,,8
1589794881,11.9,10.3,27.6,32.9,,3,61.5,79.7,9.25,27.5,,,0,,3.71,53,0,4.74,0,,,8
1589795054,12.1,9.4,27.3,32.8,,2.96,59.9,83.8,9.95,27.4,,,0,,2.98,58.8,56.3,9.01,16.3,,,8
1589795055,12.1,9.4,27.3,32.8,,2.96,59.9,83.8,9.95,27.4,,,0,,2.98,58.8,56.3,9.01,16.3,,,8
1589795235,11.8,9.3,27.5,35.1,,3.03,61.2,76.9,10.02,23.8,,,0,,2.92,63.6,73,10.27,22,,,8
1589795235,11.8,9.3,27.5,35.1,,3.03,61.2,76.9,10.02,23.8,,,0,,2.92,63.6,73,10.27,22,,,8
1589795476,11.6,9.2,27.6,35.8,,3,61.6,74,9.47,23.3,,,0,,2.95,62.8,71.4,9.35,22.9,,,8
1589795477,11.6,9.2,27.6,35.8,,3,61.6,74,9.47,23.3,,,0,,2.95,62.8,71.4,9.35,22.9,,,8
1589795652,11.5,8.9,27.8,35.1,,2.96,60.8,79.8,10.28,24.7,,,0,,2.92,60.9,78.3,10.24,23.8,,,8
1589795652,11.5,8.9,27.8,35.1,,2.96,60.8,79.8,10.28,24.7,,,0,,2.92,60.9,78.3,10.24,23.8,,,8
1589795839,11.5,8.8,28,35.3,,2.85,60.1,74.4,9.1,20.9,,,0,,2.82,59.8,69.4,8.79,22.1,,,8
1589795839,11.5,8.8,28,35.3,,2.85,60.1,74.4,9.1,20.9,,,0,,2.82,59.8,69.4,8.79,22.1,,,8
1589796014,11.5,9,27.8,35.1,,2.96,60.9,79.3,10.26,24.5,,,0,,2.93,60.5,75.1,10.1,22.5,,,8
1589796014,11.5,9,27.8,35.1,,2.96,60.9,79.3,10.26,24.5,,,0,,2.93,60.5,75.1,10.1,22.5,,,8
1589796194,11.4,8.9,28,36.1,,2.87,61.2,66.7,8.24,21.4,,,0,,2.77,60.1,68.2,8.09,22.2,,,8
1589796195,11.4,8.9,28,36.1,,2.87,61.2,66.7,8.24,21.4,,,0,,2.77,60.1,68.2,8.09,22.2,,,8
1589796376,11.5,9,27.9,35.3,,2.98,61.2,76.8,10.13,21.8,,,0,,2.93,60.6,76.8,10.16,23.1,,,8
1589796376,11.5,9,27.9,35.3,,2.98,61.2,76.8,10.13,21.8,,,0,,2.93,60.6,76.8,10.16,23.1,,,8
1589796556,11.4,8.9,28,35.9,,2.82,61,70.6,8.43,23.2,,,0,,2.82,59.9,64.4,7.95,20.7,,,8
1589796556,11.4,8.9,28,35.9,,2.82,61,70.6,8.43,23.2,,,0,,2.82,59.9,64.4,7.95,20.7,,,8
1589796736,11.5,9.1,27.9,35.4,,3.01,61.6,72.6,9.83,21.5,,,0,,2.92,60.8,75.3,9.97,22.4,,,8
1589796737,11.5,9.1,27.9,35.4,,3.01,61.6,72.6,9.83,21.5,,,0,,2.92,60.8,75.3,9.97,22.4,,,8
1589796917,11.5,8.9,27.8,34.8,,2.96,60.1,79.1,10.05,22.8,,,0,,2.97,59.1,72.1,9.76,20.1,,,8
1589796917,11.5,8.9,27.8,34.8,,2.96,60.1,79.1,10.05,22.8,,,0,,2.97,59.1,72.1,9.76,20.1,,,8
1589797097,11.5,9,27.9,35.4,,3,61.5,73.3,9.85,21.7,,,0,,2.93,60.7,72.4,9.73,22.6,,,8
1589797098,11.5,9,27.9,35.4,,3,61.5,73.3,9.85,21.7,,,0,,2.93,60.7,72.4,9.73,22.6,,,8
1589797278,11.4,8.8,27.8,35.2,,2.92,60.1,75.9,9.76,22.6,,,0,,2.87,59.2,73.2,9.76,21.6,,,8
1589797278,11.4,8.8,27.8,35.2,,2.92,60.1,75.9,9.76,22.6,,,0,,2.87,59.2,73.2,9.76,21.6,,,8
1589797468,11.4,8.9,27.9,35.3,,2.95,61.2,75.3,9.53,24.1,,,0,,2.9,61,72.7,9.55,23.1,,,8
1589797469,11.4,8.9,27.9,35.3,,2.95,61.2,75.3,9.53,24.1,,,0,,2.9,61,72.7,9.55,23.1,,,8
1589797647,11.3,8.7,27.8,35,,2.91,60.6,79,10.17,23.6,,,0,,2.85,59.9,75.6,10.13,22.4,,,8
1589798005,11.1,8.8,27.7,34.8,,2.93,60.7,72.6,9.24,23.3,,,0,,2.9,60.3,69,9.12,21.7,,,8
1589798005,11.1,8.8,27.7,34.8,,2.93,60.7,72.6,9.24,23.3,,,0,,2.9,60.3,69,9.12,21.7,,,8
1589798185,11.1,8.6,27.7,35.4,,2.78,60.8,67.7,7.99,21.9,,,0,,2.73,60.5,63.5,7.62,20.2,,,8
1589798186,11.1,8.6,27.7,35.4,,2.78,60.8,67.7,7.99,21.9,,,0,,2.73,60.5,63.5,7.62,20.2,,,8
1589798367,11.1,8.8,27.5,34.8,,2.92,60.7,72.9,9.22,23.3,,,0,,2.85,61,69.4,9.16,22,,,8
1589798367,11.1,8.8,27.5,34.8,,2.92,60.7,72.9,9.22,23.3,,,0,,2.85,61,69.4,9.16,22,,,8
1589798549,11.1,8.5,27.6,35.3,,2.76,60.4,69.1,8.2,22.7,,,0,,2.71,60.6,64.3,7.83,20.7,,,8
1589798549,11.1,8.5,27.6,35.3,,2.76,60.4,69.1,8.2,22.7,,,0,,2.71,60.6,64.3,7.83,20.7,,,8
1589798729,11,8.6,27.4,34.9,,2.9,61.1,77.3,10.08,23.5,,,0,,2.85,61.3,72.5,10.01,21.6,,,8
1589798730,11,8.6,27.4,34.9,,2.9,61.1,77.3,10.08,23.5,,,0,,2.85,61.3,72.5,10.01,21.6,,,8
1589798909,10.9,8.3,27.2,34.9,,2.82,60.1,73.8,9.12,21.2,,,0,,2.78,59.9,68.9,8.99,19.3,,,8
1589798910,10.9,8.3,27.2,34.9,,2.82,60.1,73.8,9.12,21.2,,,0,,2.78,59.9,68.9,8.99,19.3,,,8
1589799147,10.7,8.2,27.2,35.3,,2.71,60.9,72.3,8.44,23.6,,,0,,2.67,60.5,65.8,8.05,21.3,,,8
1589799147,10.7,8.2,27.2,35.3,,2.71,60.9,72.3,8.44,23.6,,,0,,2.67,60.5,65.8,8.05,21.3,,,8
1589799326,10.7,8.3,27.1,35.1,,2.82,61.8,77.6,9.77,24.8,,,0,,2.77,61.8,71.5,9.61,22.6,,,8
1589799326,10.7,8.3,27.1,35.1,,2.82,61.8,77.6,9.77,24.8,,,0,,2.77,61.8,71.5,9.61,22.6,,,8
1589799503,10.6,8,27.1,35.4,,2.66,61.2,73.5,8.44,24.1,,,0,,2.64,60.7,65.8,7.99,21.2,,,8
1589799504,10.6,8,27.1,35.4,,2.66,61.2,73.5,8.44,24.1,,,0,,2.64,60.7,65.8,7.99,21.2,,,8
1589799687,10.5,8.2,26.9,34.7,,2.82,61.4,75.6,10,23.3,,,0,,2.76,61.4,73.2,10.05,21.9,,,8
1589799687,10.5,8.2,26.9,34.7,,2.82,61.4,75.6,10,23.3,,,0,,2.76,61.4,73.2,10.05,21.9,,,8
1589799868,10.4,8,27,34.3,,2.8,61.1,71.7,9.75,20.4,,,0,,2.75,60,71.5,9.82,19.7,,,8
1589800053,10.4,8.1,26.8,34.3,,2.82,62.1,73,9.81,22.5,,,0,,2.77,61.2,71.6,9.82,21.9,,,8
1589800053,10.4,8.1,26.8,34.3,,2.82,62.1,73,9.81,22.5,,,0,,2.77,61.2,71.6,9.82,21.9,,,8
1589800229,10.3,7.8,26.8,34.1,,2.81,61.3,67.8,9.68,21.4,,,0,,2.72,60,71.6,9.77,22.3,,,8
1589800230,10.3,7.8,26.8,34.1,,2.81,61.3,67.8,9.68,21.4,,,0,,2.72,60,71.6,9.77,22.3,,,8
1589800410,10.2,8.1,26.6,34.1,,2.81,62.7,65.7,9.01,21,,,0,,2.7,61.5,69.3,9.14,22.5,,,8
1589800410,10.2,8.1,26.6,34.1,,2.81,62.7,65.7,9.01,21,,,0,,2.7,61.5,69.3,9.14,22.5,,,8
1589800590,10.2,7.9,26.7,33.7,,2.8,62.5,67.8,9.42,20.6,,,0,,2.7,60,73.2,9.82,20.1,,,8
1589800590,10.2,7.9,26.7,33.7,,2.8,62.5,67.8,9.42,20.6,,,0,,2.7,60,73.2,9.82,20.1,,,8
1589800771,10.2,8.2,26.8,34.3,,2.76,63.7,63.2,7.94,20.9,,,0,,2.7,61.9,61.5,7.64,20.3,,,8
1589800771,10.2,8.2,26.8,34.3,,2.76,63.7,63.2,7.94,20.9,,,0,,2.7,61.9,61.5,7.64,20.3,,,8
1589801141,10.3,8.2,26.6,34,,2.82,63.7,68.3,9.52,19.2,,,0,,2.76,61.9,66.5,9.42,18.6,,,8
1589801141,10.3,8.2,26.6,34,,2.82,63.7,68.3,9.52,19.2,,,0,,2.76,61.9,66.5,9.42,18.6,,,8
1589801681,10.6,8.8,26.4,31.8,,3.98,57.4,0,4.89,0,,,0,,2.66,59.5,80.7,9.34,26.5,,,8
1589801681,10.6,8.8,26.4,31.8,,3.98,57.4,0,4.89,0,,,0,,2.66,59.5,80.7,9.34,26.5,,,8
1589801865,10.7,8.6,26.3,32.8,,4.06,53.4,0,4.89,0,,,0,,2.45,59.3,84.2,7.85,27.5,,,8
1589801865,10.7,8.6,26.3,32.8,,4.06,53.4,0,4.89,0,,,0,,2.45,59.3,84.2,7.85,27.5,,,8
1589802043,10.8,9,26.3,31.9,,3.96,50.7,0,4.03,0,,,0,,2.75,58.5,75.6,8.83,24.8,,,8
1589802044,10.8,9,26.3,31.9,,3.96,50.7,0,4.03,0,,,0,,2.75,58.5,75.6,8.83,24.8,,,8
1589802224,10.9,8.5,26.4,33.3,,2.72,60.7,56.2,7.57,17.5,,,0,,2.51,59.6,74.8,7.68,23.7,,,8
1589802224,10.9,8.5,26.4,33.3,,2.72,60.7,56.2,7.57,17.5,,,0,,2.51,59.6,74.8,7.68,23.7,,,8
1589802405,10.7,8.1,26.4,34.3,,2.75,65.4,71,9.58,24,,,0,,2.72,60.6,74.2,9.36,23.6,,,8
1589802405,10.7,8.1,26.4,34.3,,2.75,65.4,71,9.58,24,,,0,,2.72,60.6,74.2,9.36,23.6,,,8
1589802586,10.4,8,26.6,35.4,,2.64,66.2,66.4,8.04,20.3,,,0,,2.62,61,63.8,7.48,19.4,,,8
1589802586,10.4,8,26.6,35.4,,2.64,66.2,66.4,8.04,20.3,,,0,,2.62,61,63.8,7.48,19.4,,,8
1589802808,10.3,8.3,26.8,34.8,,2.8,66.1,65.1,9.05,18.8,,,0,,2.8,61.1,63.5,8.69,18.2,,,8
1589802809,10.3,8.3,26.8,34.8,,2.8,66.1,65.1,9.05,18.8,,,0,,2.8,61.1,63.5,8.69,18.2,,,8
1589802988,10.3,8.2,26.7,33.4,,2.78,65.6,68.3,9.87,20.2,,,0,,2.77,60.3,66,9.65,19.8,,,8
1589802989,10.3,8.2,26.7,33.4,,2.78,65.6,68.3,9.87,20.2,,,0,,2.77,60.3,66,9.65,19.8,,,8
1589803170,10.3,8.2,26.8,34.5,,2.75,66.8,64.6,8.48,19.3,,,0,,2.71,61.9,61.7,7.95,18.4,,,8
1589803171,10.3,8.2,26.8,34.5,,2.75,66.8,64.6,8.48,19.3,,,0,,2.71,61.9,61.7,7.95,18.4,,,8
1589803352,10.3,8.1,26.6,33.6,,2.76,66.1,68.7,9.7,20.9,,,0,,2.72,61.5,65.8,9.37,20.8,,,8
1589803352,10.3,8.1,26.6,33.6,,2.76,66.1,68.7,9.7,20.9,,,0,,2.72,61.5,65.8,9.37,20.8,,,8
1589803532,10.3,7.8,26.7,34.2,,2.71,65.9,68.2,9.24,19.6,,,0,,2.67,61.3,64.7,8.83,18.5,,,8
1589803532,10.3,7.8,26.7,34.2,,2.71,65.9,68.2,9.24,19.6,,,0,,2.67,61.3,64.7,8.83,18.5,,,8
1589803722,10.3,8.1,26.6,33.8,,2.75,66.4,68.6,9.32,21.9,,,0,,2.72,62.6,65,8.97,20.7,,,8
1589803722,10.3,8.1,26.6,33.8,,2.75,66.4,68.6,9.32,21.9,,,0,,2.72,62.6,65,8.97,20.7,,,8
1589803898,10.2,7.7,26.7,34.1,,2.7,65.7,69.6,9.44,21.6,,,0,,2.69,61.8,66,9.06,20.1,,,8
1589803899,10.2,7.7,26.7,34.1,,2.7,65.7,69.6,9.44,21.6,,,0,,2.69,61.8,66,9.06,20.1,,,8
1589804078,10.2,8.7,26.7,33.6,,2.76,66.1,79.5,10.17,21.3,,,0,,3.23,61.7,0,6.93,0,,,8
1589804078,10.2,8.7,26.7,33.6,,2.76,66.1,79.5,10.17,21.3,,,0,,3.23,61.7,0,6.93,0,,,8
1589804258,10.5,8.9,26.8,32.1,,2.75,63.5,72.7,8.78,23.2,,,0,,3.52,57.7,0,6.09,0,,,8
1589804259,10.5,8.9,26.8,32.1,,2.75,63.5,72.7,8.78,23.2,,,0,,3.52,57.7,0,6.09,0,,,8
1589804439,10.8,9.2,26.5,31.7,,2.87,63.3,76.9,9.92,23.6,,,0,,3.54,53.6,0,5.81,0,,,8
1589804439,10.8,9.2,26.5,31.7,,2.87,63.3,76.9,9.92,23.6,,,0,,3.54,53.6,0,5.81,0,,,8
1589804619,11.1,8.8,26.3,31.2,,2.85,61.2,80.3,10.28,26.7,,,0,,3,56.2,47.2,8.08,13.1,,,8
1589804620,11.1,8.8,26.3,31.2,,2.85,61.2,80.3,10.28,26.7,,,0,,3,56.2,47.2,8.08,13.1,,,8
1589804800,11,8.4,26.2,33.4,,2.83,62.8,76.7,10.07,23,,,0,,2.77,62.7,72.5,9.93,21.4,,,8
1589804800,11,8.4,26.2,33.4,,2.83,62.8,76.7,10.07,23,,,0,,2.77,62.7,72.5,9.93,21.4,,,8
1589804981,10.7,7.9,26.5,34.5,,2.73,61.8,75.2,9.45,22.6,,,0,,2.67,61.7,72,9.3,22.5,,,8
1589804981,10.7,7.9,26.5,34.5,,2.73,61.8,75.2,9.45,22.6,,,0,,2.67,61.7,72,9.3,22.5,,,8
1589805162,10.5,8.2,26.7,34.9,,2.83,63.1,71.6,9.82,21.2,,,0,,2.76,63.6,70.9,9.96,21,,,8
1589805162,10.5,8.2,26.7,34.9,,2.83,63.1,71.6,9.82,21.2,,,0,,2.76,63.6,70.9,9.96,21,,,8
1589805343,10.4,7.9,26.7,34.1,,2.77,61.7,69.7,9.2,21.8,,,0,,2.7,61.7,69.1,9.25,21.3,,,8
1589805526,10.4,8.1,26.8,34.6,,2.82,63,71.6,9.8,21.2,,,0,,2.75,63.4,71.2,9.92,20,,,8
1589805526,10.4,8.1,26.8,34.6,,2.82,63,71.6,9.8,21.2,,,0,,2.75,63.4,71.2,9.92,20,,,8
1589805705,10.3,7.8,26.9,34,,2.76,61.7,71.5,9.42,21.7,,,0,,2.7,61.4,69.9,9.42,21.6,,,8
1589805705,10.3,7.8,26.9,34,,2.76,61.7,71.5,9.42,21.7,,,0,,2.7,61.4,69.9,9.42,21.6,,,8
1589805885,10.3,8.1,27,34.8,,2.7,63.4,64.2,7.9,19.4,,,0,,2.59,63.2,63.6,7.6,19.3,,,8
1589805886,10.3,8.1,27,34.8,,2.7,63.4,64.2,7.9,19.4,,,0,,2.59,63.2,63.6,7.6,19.3,,,8
1589806066,10.3,8.1,26.9,34,,2.81,63.1,71.6,10.01,21.2,,,0,,2.75,62.6,69.7,10.05,20.2,,,8
1589806066,10.3,8.1,26.9,34,,2.81,63.1,71.6,10.01,21.2,,,0,,2.75,62.6,69.7,10.05,20.2,,,8
1589806246,10.3,8.1,27,34.8,,2.77,64,70.8,9.67,20.3,,,0,,2.71,63.6,67.9,9.46,20,,,8
1589806246,10.3,8.1,27,34.8,,2.77,64,70.8,9.67,20.3,,,0,,2.71,63.6,67.9,9.46,20,,,8
1589806474,10.3,8.1,26.9,34.5,,2.77,64.2,72,10.03,21.4,,,0,,2.73,63.6,69.3,9.87,20.4,,,8
1589806475,10.3,8.1,26.9,34.5,,2.77,64.2,72,10.03,21.4,,,0,,2.73,63.6,69.3,9.87,20.4,,,8
1589806655,10.2,7.8,26.7,33.9,,2.75,63.6,72.6,9.98,19.9,,,0,,2.72,62.6,69.5,9.85,20.5,,,8
1589806655,10.2,7.8,26.7,33.9,,2.75,63.6,72.6,9.98,19.9,,,0,,2.72,62.6,69.5,9.85,20.5,,,8
1589806835,10.2,7.9,27,34.6,,2.7,64.5,61.6,7.84,20.2,,,0,,2.57,63.2,62.1,7.48,21.5,,,8
1589806836,10.2,7.9,27,34.6,,2.7,64.5,61.6,7.84,20.2,,,0,,2.57,63.2,62.1,7.48,21.5,,,8
1589807016,10.3,8.4,26.7,33.7,,3.32,64.7,0,7.43,0,,,0,,2.77,62.2,67.1,8.9,21.4,,,8
1589807016,10.3,8.4,26.7,33.7,,3.32,64.7,0,7.43,0,,,0,,2.77,62.2,67.1,8.9,21.4,,,8
1589807196,10.5,8.3,26.7,32.9,,3.88,59.6,0,5.49,0,,,0,,2.07,62,84.2,7.8,28.9,,,8
1589807196,10.5,8.3,26.7,32.9,,3.88,59.6,0,5.49,0,,,0,,2.07,62,84.2,7.8,28.9,,,8
1589807377,10.7,9,26.5,32.3,,4.01,55,0,4.64,0,,,0,,2.66,61.6,82.8,9.47,26.8,,,8
1589807378,10.7,9,26.5,32.3,,4.01,55,0,4.64,0,,,0,,2.66,61.6,82.8,9.47,26.8,,,8
1589807559,10.9,8.8,26.4,33,,4.04,52.3,0,4.67,0,,,0,,2.5,60.6,82,7.72,26.7,,,8
1589807559,10.9,8.8,26.4,33,,4.04,52.3,0,4.67,0,,,0,,2.5,60.6,82,7.72,26.7,,,8
1589807920,10.9,8.5,26.5,33.7,,2.72,64.2,60.5,7.73,19.2,,,0,,2.65,59.6,66.9,7.48,20.9,,,8
1589807920,10.9,8.5,26.5,33.7,,2.72,64.2,60.5,7.73,19.2,,,0,,2.65,59.6,66.9,7.48,20.9,,,8
1589808101,10.7,8.2,26.5,34.2,,2.76,66,70.6,9.62,23,,,0,,2.77,59.8,72,9.3,23.3,,,8
1589808101,10.7,8.2,26.5,34.2,,2.76,66,70.6,9.62,23,,,0,,2.77,59.8,72,9.3,23.3,,,8
1589808281,10.5,7.9,26.6,34.4,,2.76,65.1,68.6,9.07,19.6,,,0,,2.72,58.4,71.2,8.91,23,,,8
1589808282,10.5,7.9,26.6,34.4,,2.76,65.1,68.6,9.07,19.6,,,0,,2.72,58.4,71.2,8.91,23,,,8
1589808461,10.4,8.1,26.8,34.2,,2.77,65.5,70.1,9.52,22.4,,,0,,2.76,59.7,72.4,9.4,23.2,,,8
1589808462,10.4,8.1,26.8,34.2,,2.77,65.5,70.1,9.52,22.4,,,0,,2.76,59.7,72.4,9.4,23.2,,,8
1589808642,10.4,8,26.8,34,,2.75,64.6,70.9,9.53,21.5,,,0,,2.8,58.8,65.4,8.96,19.7,,,8
1589808642,10.4,8,26.8,34,,2.75,64.6,70.9,9.53,21.5,,,0,,2.8,58.8,65.4,8.96,19.7,,,8
1589808822,10.4,8.2,27,34.8,,2.67,65.6,65.4,8.05,22.7,,,0,,2.71,60.8,61,7.44,20.5,,,8
1589808823,10.4,8.2,27,34.8,,2.67,65.6,65.4,8.05,22.7,,,0,,2.71,60.8,61,7.44,20.5,,,8
1589809003,10.4,8,26.9,34,,2.75,64.2,73.4,9.92,22.2,,,0,,2.76,59.8,67.2,9.53,20,,,8
1589809003,10.4,8,26.9,34,,2.75,64.2,73.4,9.92,22.2,,,0,,2.76,59.8,67.2,9.53,20,,,8
1589809183,10.3,8.1,27,34.8,,2.66,65.4,66.8,8.15,20.3,,,0,,2.66,62.2,61.9,7.57,18.6,,,8
1589809183,10.3,8.1,27,34.8,,2.66,65.4,66.8,8.15,20.3,,,0,,2.66,62.2,61.9,7.57,18.6,,,8
1589809368,10.3,7.9,26.9,34.2,,2.75,64.2,71.5,9.72,21.7,,,0,,2.75,61.2,67.3,9.46,20.1,,,8
1589809369,10.3,7.9,26.9,34.2,,2.75,64.2,71.5,9.72,21.7,,,0,,2.75,61.2,67.3,9.46,20.1,,,8
1589809545,10.3,8.1,27.1,34.9,,2.67,65.5,65.9,8.2,20,,,0,,2.65,63.2,62.1,7.68,18.7,,,8
1589809546,10.3,8.1,27.1,34.9,,2.67,65.5,65.9,8.2,20,,,0,,2.65,63.2,62.1,7.68,18.7,,,8
1589809725,10.2,8.1,26.8,34.2,,2.78,64.7,66.6,9.47,21.1,,,0,,2.65,63,67.5,9.5,21.4,,,8
1589809726,10.2,8.1,26.8,34.2,,2.78,64.7,66.6,9.47,21.1,,,0,,2.65,63,67.5,9.5,21.4,,,8
1589809909,10.5,8.9,27.1,32.8,,2.69,64.3,73.8,8.18,23.3,,,0,,3.38,60.2,0,6.1,0,,,8
1589809910,10.5,8.9,27.1,32.8,,2.69,64.3,73.8,8.18,23.3,,,0,,3.38,60.2,0,6.1,0,,,8
1589810143,10.9,9.2,26.8,31.9,,2.8,61.7,74,8.9,21.3,,,0,,3.58,54.2,0,5.45,0,,,8
1589810143,10.9,9.2,26.8,31.9,,2.8,61.7,74,8.9,21.3,,,0,,3.58,54.2,0,5.45,0,,,8
1589810323,11.1,9.3,26.5,31.3,,2.81,61.6,83.6,10.29,25.6,,,0,,2.97,51.5,42.5,6.56,13.3,,,8
1589810324,11.1,9.3,26.5,31.3,,2.81,61.6,83.6,10.29,25.6,,,0,,2.97,51.5,42.5,6.56,13.3,,,8
1589810505,11,8.3,26.6,33.9,,2.69,62.6,68.3,8.38,22.4,,,0,,2.64,61.4,69.2,7.99,23.5,,,8
1589810505,11,8.3,26.6,33.9,,2.69,62.6,68.3,8.38,22.4,,,0,,2.64,61.4,69.2,7.99,23.5,,,8
1589810762,10.7,8.3,26.5,34.9,,2.85,64.1,69.5,9.78,23.4,,,0,,2.8,63.6,69.8,9.7,24.6,,,8
1589810879,10.6,8.2,26.7,34.7,,2.72,63.6,63.8,7.98,20.6,,,0,,2.67,62.2,63,7.62,20.4,,,8
1589810879,10.6,8.2,26.7,34.7,,2.72,63.6,63.8,7.98,20.6,,,0,,2.67,62.2,63,7.62,20.4,,,8
1589811058,10.5,8.3,26.8,34.3,,2.82,63.9,70.8,9.85,21.3,,,0,,2.76,62.5,72.2,9.92,21.4,,,8
1589811059,10.5,8.3,26.8,34.3,,2.82,63.9,70.8,9.85,21.3,,,0,,2.76,62.5,72.2,9.92,21.4,,,8
1589811242,10.5,8.1,26.7,33.8,,2.78,63.2,68.3,9.17,21.1,,,0,,2.72,61.1,70.2,9.22,22.7,,,8
1589811243,10.5,8.1,26.7,33.8,,2.78,63.2,68.3,9.17,21.1,,,0,,2.72,61.1,70.2,9.22,22.7,,,8
1589811424,10.4,8.1,26.9,34.4,,2.8,64.2,69,9.27,21.9,,,0,,2.72,62.5,70.7,9.24,22.8,,,8
1589811424,10.4,8.1,26.9,34.4,,2.8,64.2,69,9.27,21.9,,,0,,2.72,62.5,70.7,9.24,22.8,,,8
1589811598,10.3,7.9,26.7,34.2,,2.76,63.3,70.9,9.72,21.5,,,0,,2.72,60.8,73.3,9.88,20.3,,,8
1589811598,10.3,7.9,26.7,34.2,,2.76,63.3,70.9,9.72,21.5,,,0,,2.72,60.8,73.3,9.88,20.3,,,8
1589811785,10.3,8.2,26.9,34.7,,2.77,64.5,69,9.17,21.9,,,0,,2.75,62.7,65.7,8.84,20.7,,,8
1589811786,10.3,8.2,26.9,34.7,,2.77,64.5,69,9.17,21.9,,,0,,2.75,62.7,65.7,8.84,20.7,,,8
1589811959,10.3,7.9,26.7,34.1,,2.72,63.1,69.8,9.19,21.7,,,0,,2.71,61,65.9,8.83,20.2,,,8
1589811960,10.3,7.9,26.7,34.1,,2.72,63.1,69.8,9.19,21.7,,,0,,2.71,61,65.9,8.83,20.2,,,8
1589812140,10.2,8.1,26.8,34.6,,2.76,64.3,71.5,9.71,20,,,0,,2.72,63,68.1,9.49,19.4,,,8
1589812141,10.2,8.1,26.8,34.6,,2.76,64.3,71.5,9.71,20,,,0,,2.72,63,68.1,9.49,19.4,,,8
1589812320,10.2,8,26.6,33.8,,2.81,63.3,65.2,9.05,22.6,,,0,,2.71,62.2,66.7,9,20.8,,,8
1589812321,10.2,8,26.6,33.8,,2.81,63.3,65.2,9.05,22.6,,,0,,2.71,62.2,66.7,9,20.8,,,8
1589812500,10.2,8.1,26.8,34.3,,2.8,64.2,67.3,9.61,18.7,,,0,,2.73,63,69,9.66,19,,,8
1589812501,10.2,8.1,26.8,34.3,,2.8,64.2,67.3,9.61,18.7,,,0,,2.73,63,69,9.66,19,,,8
1589812681,10.2,7.9,26.6,33.7,,2.69,64.8,68.6,10.05,20.7,,,0,,2.71,62.6,69.8,9.8,20.6,,,8
1589812682,10.2,7.9,26.6,33.7,,2.69,64.8,68.6,10.05,20.7,,,0,,2.71,62.6,69.8,9.8,20.6,,,8
1589812861,10.3,8.6,26.6,33.3,,3.69,62.8,0,5.29,0,,,0,,2.6,63,77.5,8.85,23.3,,,8
1589812862,10.3,8.6,26.6,33.3,,3.69,62.8,0,5.29,0,,,0,,2.6,63,77.5,8.85,23.3,,,8
1589813042,10.6,8.8,26.5,32,,3.99,57.5,0,4.67,0,,,0,,2.7,60.7,77.8,8.85,25.8,,,8
1589813043,10.6,8.8,26.5,32,,3.99,57.5,0,4.67,0,,,0,,2.7,60.7,77.8,8.85,25.8,,,8
1589813222,10.7,8.6,26.4,32.4,,3.97,53.5,0,4.09,0,,,0,,2.55,58.9,85.9,9.09,24.5,,,8
1589813223,10.7,8.6,26.4,32.4,,3.97,53.5,0,4.09,0,,,0,,2.55,58.9,85.9,9.09,24.5,,,8
1589813403,10.8,9.1,26.2,31.6,,3.91,50.8,0,3.96,0,,,0,,2.77,58.9,76.7,9.67,22.4,,,8
1589813403,10.8,9.1,26.2,31.6,,3.91,50.8,0,3.96,0,,,0,,2.77,58.9,76.7,9.67,22.4,,,8
1589813584,10.9,8.3,26.4,32.7,,2.75,62.6,62.7,8.87,19.1,,,0,,2.69,58.1,77.9,9.46,23.6,,,8
1589813584,10.9,8.3,26.4,32.7,,2.75,62.6,62.7,8.87,19.1,,,0,,2.69,58.1,77.9,9.46,23.6,,,8
1589813812,10.5,7.9,26.4,34.4,,2.69,65.2,69.4,9.1,21.7,,,0,,2.69,58.9,69.5,8.69,21.4,,,8
1589813813,10.5,7.9,26.4,34.4,,2.69,65.2,69.4,9.1,21.7,,,0,,2.69,58.9,69.5,8.69,21.4,,,8
1589813992,10.4,8.2,26.7,34.6,,2.73,66.2,66.9,8.59,23.3,,,0,,2.73,61,63.1,8.09,20.7,,,8
1589813993,10.4,8.2,26.7,34.6,,2.73,66.2,66.9,8.59,23.3,,,0,,2.73,61,63.1,8.09,20.7,,,8
1589814173,10.3,7.9,26.7,33.9,,2.72,64.5,69.5,9.12,22.3,,,0,,2.73,59.7,65,8.7,20.6,,,8
1589814174,10.3,7.9,26.7,33.9,,2.72,64.5,69.5,9.12,22.3,,,0,,2.73,59.7,65,8.7,20.6,,,8
1589814355,10.2,8,26.7,34.6,,2.65,65.5,64.6,7.95,19.7,,,0,,2.65,61.6,61.4,7.43,18.4,,,8
1589814356,10.2,8,26.7,34.6,,2.65,65.5,64.6,7.95,19.7,,,0,,2.65,61.6,61.4,7.43,18.4,,,8
1589814537,10.2,8,26.7,33.8,,2.73,64.8,70.9,9.6,22.3,,,0,,2.72,61.5,67,9.27,20.9,,,8
1589814537,10.2,8,26.7,33.8,,2.73,64.8,70.9,9.6,22.3,,,0,,2.72,61.5,67,9.27,20.9,,,8
1589814718,10.1,7.9,26.8,34.3,,2.71,64.6,62.4,8.13,19.8,,,0,,2.66,61.1,63,7.83,20.2,,,8
1589814718,10.1,7.9,26.8,34.3,,2.71,64.6,62.4,8.13,19.8,,,0,,2.66,61.1,63,7.83,20.2,,,8
1589814898,10.1,8.1,26.8,33.9,,2.8,65,65.3,9.04,20.4,,,0,,2.72,62.1,66.5,8.95,21.1,,,8
1589814899,10.1,8.1,26.8,33.9,,2.8,65,65.3,9.04,20.4,,,0,,2.72,62.1,66.5,8.95,21.1,,,8
1589815080,10.1,8.8,26.6,32.7,,2.73,64.2,78.8,9.65,20.2,,,0,,3.23,61.6,0,6.53,0,,,8
1589815081,10.1,8.8,26.6,32.7,,2.73,64.2,78.8,9.65,20.2,,,0,,3.23,61.6,0,6.53,0,,,8
1589815261,10.4,8.9,26.7,32.2,,2.85,63.8,76.7,9.8,23.7,,,0,,3.54,57.6,0,6,0,,,8
1589815262,10.4,8.9,26.7,32.2,,2.85,63.8,76.7,9.8,23.7,,,0,,3.54,57.6,0,6,0,,,8
1589815442,10.7,9.1,26.4,30.9,,2.81,60.7,76.8,9.1,25.4,,,0,,3.54,53.4,0,5.69,0,,,8
1589815443,10.7,9.1,26.4,30.9,,2.81,60.7,76.8,9.1,25.4,,,0,,3.54,53.4,0,5.69,0,,,8
1589815625,10.9,8.6,26.5,31.8,,2.66,60.4,80.5,8.74,24.3,,,0,,2.91,55.7,44.5,7.14,13.2,,,8
1589815625,10.9,8.6,26.5,31.8,,2.66,60.4,80.5,8.74,24.3,,,0,,2.91,55.7,44.5,7.14,13.2,,,8
1589815811,10.8,8.3,26.1,32.8,,2.77,61.3,77.5,9.92,23.2,,,0,,2.77,61.3,67.8,9.53,21.4,,,8
1589815811,10.8,8.3,26.1,32.8,,2.77,61.3,77.5,9.92,23.2,,,0,,2.77,61.3,67.8,9.53,21.4,,,8
1589815988,10.4,7.8,26.3,34.6,,2.69,61.5,69.5,8.63,22.7,,,0,,2.65,61.8,66.1,8.36,21.5,,,8
1589815988,10.4,7.8,26.3,34.6,,2.69,61.5,69.5,8.63,22.7,,,0,,2.65,61.8,66.1,8.36,21.5,,,8
1589816170,10.3,8,26.6,34.3,,2.76,62.5,69.5,9.21,22.1,,,0,,2.69,62.9,69.7,9.19,22.2,,,8
1589816170,10.3,8,26.6,34.3,,2.76,62.5,69.5,9.21,22.1,,,0,,2.69,62.9,69.7,9.19,22.2,,,8
1589816349,10.2,7.8,26.6,33.8,,2.75,62.1,65.5,8.96,20.1,,,0,,2.69,61.5,65,8.92,19.8,,,8
1589816349,10.2,7.8,26.6,33.8,,2.75,62.1,65.5,8.96,20.1,,,0,,2.69,61.5,65,8.92,19.8,,,8
1589816532,10.1,8.1,26.6,34.1,,2.8,63.6,66.4,9.3,20,,,0,,2.7,63.4,66.2,9.3,20.4,,,8
1589816532,10.1,8.1,26.6,34.1,,2.8,63.6,66.4,9.3,20,,,0,,2.7,63.4,66.2,9.3,20.4,,,8
1589816893,10,7.9,26.5,34.1,,2.73,64.7,66.7,9.14,21.3,,,0,,2.7,63.7,66.3,8.92,21.2,,,8
1589816893,10,7.9,26.5,34.1,,2.73,64.7,66.7,9.14,21.3,,,0,,2.7,63.7,66.3,8.92,21.2,,,8
1589817073,9.9,7.6,26.3,33.5,,2.72,64.3,67.6,9.44,20.6,,,0,,2.64,62.5,68.2,9.44,21.4,,,8
1589817254,9.8,7.7,26.5,34,,2.72,65.2,69.2,9.67,20.1,,,0,,2.69,63.7,69.8,9.62,20.5,,,8
1589817254,9.8,7.7,26.5,34,,2.72,65.2,69.2,9.67,20.1,,,0,,2.69,63.7,69.8,9.62,20.5,,,8
1589817478,9.8,8.3,26.2,32.5,,3.54,63.8,0,5.38,0,,,0,,2.49,62.3,89.1,9.97,27.2,,,8
1589817478,9.8,8.3,26.2,32.5,,3.54,63.8,0,5.38,0,,,0,,2.49,62.3,89.1,9.97,27.2,,,8
